printDict{
    @t         [s]
    @xBlock    [mm]
    @vBlock    [mm/s]
    @aBlock    [mm/s^2]
}
$t:s:Time$xBlock:mm:Position of block$vBlock:mm/s:Velocity of block$aBlock:mm/s^2:Acceleration of block
0.0 0.15966473223934885 0.0012939539049315158 -1.4401286549530476
0.01001001001001001 0.1596057776736244 -0.01304826148001048 -1.4252551646036231
0.02002002002002002 0.1594040215673 -0.027235904832618722 -1.4092493759232618
0.03003003003003003 0.1590610674909578 -0.041257769620998454 -1.3921369461805169
0.04004004004004004 0.15857862989477914 -0.05510290986549276 -1.3739442712942989
0.050050050050050046 0.15795853146392463 -0.06876064737735509 -1.354698454762948
0.06006006006006006 0.15720270040301795 -0.08222057868474245 -1.3344272762670941
0.07007007007007007 0.156313167652878 -0.09547258164292172 -1.3131591599777535
0.08008008008008008 0.15529206404267518 -0.10850682172589511 -1.2909231426010763
0.09009009009009009 0.15414161738071377 -0.12131375799696621 -1.267748841191074
0.10010010010010009 0.15286414948706434 -0.13388414875607965 -1.2436664207615489
0.11011011011011011 0.15146207317129237 -0.14620905686208133 -1.218706561728337
0.12012012012012012 0.14993788915854453 -0.15827985472835418 -1.1929004272127857
0.13013013013013014 0.1482941829672681 -0.17008822899059614 -1.1662796302372371
0.14014014014014015 0.14653362174185158 -0.18162618484581075 -1.138876200843059
0.15015015015015015 0.14465895104347967 -0.19288605006188828 -1.1107225531615332
0.16016016016016016 0.14267299160250285 -0.20386047865745574 -1.0818514524676588
0.17017017017017017 0.14057863603562182 -0.21454245425197324 -1.0522959822466365
0.18018018018018017 0.13837884553118723 -0.2249252930863529 -1.022089511302494
0.19019019019019018 0.13607664650590925 -0.23500264671466645 -0.9912656609379853
0.20020020020020018 0.13367512723626648 -0.2447685043678011 -0.9598582722345378
0.21021021021021022 0.13117743446789135 -0.25421719499020573 -0.927901373460644
0.22022022022022023 0.1285867700061983 -0.26334338895115544 -0.8954291476367012
0.23023023023023023 0.1259063872915043 -0.27214209943223744 -0.8624759002838828
0.24024024024024024 0.12313958796187263 -0.28060868349303786 -0.8290760273841733
0.2502502502502503 0.12028971840689087 -0.2887388428172757 -0.7952639835782621
0.2602602602602603 0.11736016631556899 -0.2965286241418985 -0.7610742506274828
0.2702702702702703 0.11435435722151717 -0.3039744193719096 -0.7265413061655144
0.2802802802802803 0.11127575104853514 -0.3110729653839556 -0.6916995927650238
0.2902902902902903 0.10812783865971133 -0.3178213435219503 -0.6565834873439041
0.3003003003003003 0.10491413841309793 -0.32421697878825456 -0.6212272709352188
0.3103103103103103 0.1016381927269901 -0.33025763873417213 -0.585665098844372
0.3203203203203203 0.09830356465780013 -0.33594143205375226 -0.5499309712164794
0.3303303303303303 0.0949138344934746 -0.34126680688511857 -0.5140587040362772
0.34034034034034033 0.09147259636536112 -0.3462325488237615 -0.4780819005823268
0.35035035035035034 0.08798345488138393 -0.35083777865245025 -0.4420339233566291
0.36036036036036034 0.08445002178334164 -0.3550819497926241 -0.4059478665101374
0.37037037037037035 0.08087591263108912 -0.35896484548232843 -0.3698565287839942
0.38038038038038036 0.07726474351631542 -0.3624865756859535 -0.3337923869856744
0.39039039039039036 0.07362012780857462 -0.3656475737412239 -0.2977875700185272
0.40040040040040037 0.0699456729361723 -0.3684485927490674 -0.261873833482543
0.41041041041041043 0.06624497720445201 -0.3708907017121682 -0.22608253486347146
0.42042042042042044 0.0625216266539678 -0.37297528142817715 -0.1904446093267189
0.43043043043043044 0.05877919196096843 -0.37470402014371046 -0.15499054613175262
0.44044044044044045 0.055021225382556084 -0.37607890897542523 -0.11975036568201704
0.45045045045045046 0.05125125774881898 -0.3771022371046055 -0.08475359722465159
0.46046046046046046 0.047472795504172716 -0.37777658675183073 -0.05002925721357202
0.47047047047047047 0.04368931780007787 -0.37810482793843275 -0.015605828348748971
0.4804804804804805 0.03990427364123424 -0.3780901130415709 0.01848876069622442
0.4904904904904905 0.03612107908728277 -0.3777358711498726 0.05222715484691518
0.5005005005005005 0.032343114511976225 -0.37704580222669576 0.08558259149057079
0.5105105105105106 0.02857372192170919 -0.3760238710881747 0.11852891861850014
0.5205205205205206 0.024816202335224035 -0.37467430120330225 0.15104061223919726
0.5305305305305306 0.02107381322623861 -0.373001568323392 0.18309279305382012
0.5405405405405406 0.017349766030666177 -0.3710103939483433 0.21466124238639203
0.5505505505505506 0.013647223720023412 -0.368705738637203 0.24572241736184
0.5605605605605606 0.009969298442547745 -0.366092795170586 0.27625346532572276
0.5705705705705706 0.006319049233468409 -0.3631769815725724 0.3062322375002485
0.5805805805805806 0.002699479795800053 -0.35996393399975 0.3356373018719182
0.5905905905905906 -0.0008864636470504077 -0.35645949950511263 0.3644479553068721
0.6006006006006006 -0.004435894425649274 -0.35266972868456475 0.3926442348907457
0.6106106106106106 -0.007945987424737993 -0.3486008682138039 0.42020692849057284
0.6206206206206206 -0.011413981008212813 -0.3442593532833811 0.44711758453699163
0.6306306306306306 -0.014837178867902517 -0.3396517999397466 0.47335852102573683
0.6406406406406406 -0.018212951795241877 -0.334784997340102 0.49891283373810363
0.6506506506506506 -0.021538739375017407 -0.32966589992887024 0.523764403680777
0.6606606606606606 -0.024812051600439606 -0.3243016195435987 0.5478979037461202
0.6706706706706707 -0.02803047040887467 -0.31869941745808483 0.5712988045946998
0.6806806806806807 -0.031191651137646038 -0.31286669637050113 0.5939533797625122
0.6906906906906907 -0.03429332389939409 -0.30681099234426484 0.6158487099960446
0.7007007007007007 -0.037333294876559266 -0.3005399667093622 0.6369726868189637
0.7107107107107107 -0.040309447534631795 -0.2940613979317979 0.6573140153348858
0.7207207207207207 -0.04321974375388655 -0.28738317345879044 0.6768622162713145
0.7307307307307307 -0.04606222487939858 -0.2805132815472832 0.6956076272704714
0.7407407407407407 -0.04883501268920966 -0.2734598030832764 0.7135414034333581
0.7507507507507507 -0.05153631028059151 -0.26623090339942246 0.7306555171240009
0.7607607607607607 -0.05416440287442517 -0.258834824098252 0.7469427570414219
0.7707707707707707 -0.05671765853778911 -0.2512798748883208 0.762396726567461
0.7807807807807807 -0.05919452882492221 -0.2435744254404844 0.7770118413991534
0.7907907907907907 -0.06159354933679828 -0.23572689727141313 0.7907833264749045
0.8008008008008007 -0.06391334019962007 -0.22774575566137234 0.8037072122042686
0.8108108108108109 -0.0661526064626107 -0.2196395016131831 0.8157803300116456
0.8208208208208209 -0.06831013841554875 -0.21141666385918098 0.8270003072047399
0.8308308308308309 -0.07038481182656105 -0.20308579092287327 0.8373655611791108
0.8408408408408409 -0.07237558810075405 -0.19465544324188291 0.8468752929706381
0.8508508508508509 -0.07428151436032943 -0.1861341853586442 0.855529480168189
0.8608608608608609 -0.0761017234468941 -0.17753057818519322 0.8633288691992241
0.8708708708708709 -0.07783543384673754 -0.16885317134826194 0.8702749670015218
0.8808808808808809 -0.07948194953991064 -0.1601104956207551 0.8763700320946138
0.8908908908908909 -0.08104065977400092 -0.1513110554455481 0.881617065064935
0.9009009009009009 -0.08251103876355716 -0.1424633215574027 0.8860197984790744
0.9109109109109109 -0.08389264531617371 -0.13357572370865337 0.8895826862398845
0.9209209209209209 -0.08518512238630184 -0.12465664350416317 0.8923108924005608
0.9309309309309309 -0.08638819655790762 -0.11571440735090062 0.894210279452141
0.9409409409409409 -0.08750167745715076 -0.10675727952732791 0.8952873961001877
0.950950950950951 -0.08852545709630844 -0.09779345537763473 0.895549464546728
0.960960960960961 -0.08945950915021886 -0.0888310546356882 0.8950043672938005
0.970970970970971 -0.09030388816656598 -0.07987811488340434 0.8936606334852303
0.980980980980981 -0.09105872871137477 -0.07094258514807956 0.8915274248035043
0.990990990990991 -0.0917242444511291 -0.06203231964304968 0.8886145209388447
1.001001001001001 -0.09230072717296853 -0.05315507165587346 0.8849323046477966
1.011011011011011 -0.0927885457444611 -0.044318487588061034 0.8804917464188466
1.021021021021021 -0.09318814501448841 -0.035530101150191916 0.8753043887627557
1.031031031031031 -0.09350004465681651 -0.02679732771609205 0.8693823301454596
1.0410410410410411 -0.0937248379579631 -0.018127458839556142 0.8627382085815363
1.0510510510510511 -0.09386319055100441 -0.009527656936922426 0.8553851849063536
1.0610610610610611 -0.09391583909699765 -0.0010049501386266851 0.8473369257451305
1.0710710710710711 -0.09388358991572564 0.007433772687324246 0.8386075861972291
1.0810810810810811 -0.09376731756749859 0.015781766737199623 0.8292117922540707
1.0910910910910911 -0.09356796338777408 0.024032435896138803 0.8191646229691262
1.1011011011011012 -0.09328653397638227 0.03217933718310289 0.8084815923984635
1.1111111111111112 -0.0929240996431653 0.04021618501398003 0.7971786313303683
1.1211211211211212 -0.09248179281186182 0.048136855280825334 0.7852720688225486
1.1311311311311312 -0.09196080638408599 0.05593538924540278 0.7727786135654265
1.1411411411411412 -0.09136239206526872 0.06360599724537902 0.7597153350899966
1.1511511511511512 -0.09068785865444351 0.07114306221170767 0.7460996448386754
1.1611611611611612 -0.08993857029977384 0.07854114299592306 0.7319492771175188
1.1711711711711712 -0.08911594472173015 0.08579497750624807 0.7172822699480952
1.1811811811811812 -0.08822145140583537 0.09289948565160289 0.7021169458372232
1.1911911911911912 -0.08725660976690527 0.09984977209278302 0.6864718924826607
1.2012012012012012 -0.08622298728671705 0.1066411288002553 0.670365943432724
1.2112112112112112 -0.08512219762704394 0.11326903741820112 0.6538181587176681
1.2212212212212212 -0.08395589871999622 0.11972917143461072 0.636847805470507
1.2312312312312312 -0.08272579083761045 0.12601739815741336 0.619474338554797
1.2412412412412412 -0.08143361464262798 0.13212978049679772 0.6017173812167085
1.2512512512512513 -0.08008114922240082 0.13806257855405288 0.5835967057785343
1.2612612612612613 -0.07867021010785989 0.14381225101742925 0.5651322143905609
1.2712712712712713 -0.07720264727947361 0.14937545636568714 0.5463439198580172
1.2812812812812813 -0.0756803431621182 0.1547490538801676 0.5272519265595768
1.2912912912912913 -0.0741052106107712 0.15993010446638395 0.5078764114736417
1.3013013013013013 -0.0724791908889298 0.16491587128629098 0.4882376053283888
1.3113113113113113 -0.0708042516416418 0.1697038202025524 0.4683557738912667
1.3213213213213213 -0.06908238486502474 0.17429162003627752 0.44825119941337943
1.3313313313313313 -0.06731560487413171 0.17867714263985485 0.4279441622438705
1.3413413413413413 -0.0655059462710063 0.1828584627866579 0.4074549226291425
1.3513513513513513 -0.06365546191475 0.18683385787954734 0.38680370271141384
1.3613613613613613 -0.06176622089540623 0.19060180748023473 0.36601066874080795
1.3713713713713713 -0.05984030651344241 0.19416099266171688 0.3450959135148208
1.3813813813813813 -0.057879814266590564 0.1975102951861221 0.32407943905868536
1.3913913913913913 -0.05588684984578044 0.20064879651044898 0.30298113955978606
1.4014014014014013 -0.053863527141876776 0.2035757766228025 0.2818207845689343
1.4114114114114114 -0.0518119662649018 0.20629071271186294 0.26061800248092615
1.4214214214214214 -0.049734291577399926 0.2087932776724432 0.239392264306454
1.4314314314314314 -0.04763262974356975 0.21108333845010924 0.21816286774704396
1.4414414414414414 -0.04550910779575857 0.21316095422795575 0.1969489215843022
1.4514514514514514 -0.04336585121988474 0.21502637445873513 0.1757693303943782
1.4614614614614614 -0.04120498206131791 0.21668003674565117 0.15464277959812125
1.4714714714714714 -0.039028617052716624 0.21812256457522586 0.1335877208570353
1.4814814814814814 -0.03683886576528482 0.21935476490575184 0.11262235782468878
1.4914914914914914 -0.03463782878487665 0.22037762561493307 0.09176463226286136
1.5015015015015014 -0.032427595914339 0.2211923128104118 0.07103221053124553
1.5115115115115114 -0.030210244403446718 0.22180016800696126 0.05044247045913919
1.5215215215215214 -0.02798783720774546 0.2222027051742095 0.03001248860710951
1.5315315315315314 -0.025762421277577805 0.22240160765883615 0.00975902792618396
1.5415415415415414 -0.0235360258785307 0.2223987249852569 -0.010301474178289631
1.5515515515515514 -0.021310660944498235 0.2221960695388802 -0.03015291737143993
1.5615615615615615 -0.019088315464516507 0.22179581313608654 -0.049779549496049603
1.5715715715715715 -0.016870955904481497 0.2212002834851386 -0.06916597725631313
1.5815815815815815 -0.014660524664822046 0.22041196054228912 -0.08829717647277878
1.5915915915915915 -0.012458938575154729 0.21943347276740358 -0.1071585019035392
1.6016016016016015 -0.010268087426904157 0.2182675932834626 -0.12573569662717313
1.6116116116116117 -0.008089832544830236 0.21691723594435175 -0.1440149009833596
1.6216216216216217 -0.0059260053983568066 0.21538545131538456 -0.16198266106755235
1.6316316316316317 -0.0037784062535533443 0.2136754225710391 -0.1796259367765178
1.6416416416416417 -0.0016488028665765505 0.21179046131441917 -0.19693210940197795
1.6516516516516517 0.0004610707806688946 0.20973400332297307 -0.21388898877004886
1.6616616616616617 0.002549515701933107 0.20750960422502931 -0.23048481992456973
1.6716716716716717 0.004614869084419655 0.2051209351117206 -0.2467082893528768
1.6816816816816818 0.006655505422354267 0.2025717780888823 -0.26254853075297
1.6916916916916918 0.008669837605747742 0.1998660217735196 -0.27799513034147594
1.7017017017017018 0.010656317963819172 0.19700765673944162 -0.29303813170219445
1.7117117117117118 0.012613439262595645 0.1940007709166595 -0.3076680401754664
1.7217217217217218 0.014539735656246958 0.19084954494914286 -0.32187582678897797
1.7317317317317318 0.01643378359176219 0.18755824751552047 -0.3356529317310446
1.7417417417417418 0.018294202666620633 0.18413123061729608 -0.3489912673678146
1.7517517517517518 0.02011965643915325 0.18057292483913853 -0.36188322080621194
1.7617617617617618 0.021908853191339707 0.1768878345857802 -0.37432165600485706
1.7717717717717718 0.02366054664382749 0.17308053330003775 -0.38629991543555353
1.7817817817817818 0.025373536623008546 0.16915565866643764 -0.3978118212983415
1.7917917917917918 0.02704666968003002 0.16511790780489963 -0.4088516762934582
1.8018018018018018 0.028678839661662518 0.1609720324588965 -0.4194142639539345
1.8118118118118118 0.030268988232992837 0.15672283418246435 -0.42949484854290265
1.8218218218218218 0.03181610535195033 0.15237515953040348 -0.4390891745200391
1.8318318318318318 0.03331922969572169 0.14793389525595518 -0.4481934655819207
1.8418418418418419 0.03477744903914885 0.14340396352019724 -0.456804423281391
1.8518518518518519 0.036189900585249776 0.13879031711734285 -0.46491922523137974
1.8618618618618619 0.037555771248040506 0.13409793472007675 -0.47253552289891854
1.8718718718718719 0.03887429788788101 0.12933181614899783 -0.47965143899542634
1.8818818818818819 0.04014476749960503 0.12449697767017995 -0.4862655644696206
1.8918918918918919 0.0413665173537357 0.11959844732479517 -0.4923769551097198
1.901901901901902 0.04253893509112771 0.11464126029467468 -0.49798512776188114
1.911911911911912 0.04366145877141385 0.1096304543076153 -0.5030900561720882
1.921921921921922 0.04473357687567384 0.10457106508616054 -0.5076921664589829
1.931931931931932 0.04575482826377759 0.09946812184351578 -0.5117923322253739
1.941941941941942 0.046724802086894 0.09432664283016994 -0.515391869316424
1.951951951951952 0.04764313765568932 0.08915163093472442 -0.5184925302327343
1.961961961961962 0.04850952426477562 0.0839480693423371 -0.521096498206789
1.971971971971972 0.04932370097400252 0.07872091725411123 -0.5232063809514323
1.981981981981982 0.05008545634721823 0.07347510567066673 -0.5248252040892585
1.991991991991992 0.050794628149158964 0.0682155332430411 -0.525956404272002
2.002002002002002 0.0514511030011552 0.06294706219398043 -0.5266038219991905
2.012012012012012 0.0520548159963749 0.05767451431258005 -0.5267716941455122
2.022022022022022 0.05260575027535229 0.05240266702514417 -0.5264646462065088
2.032032032032032 0.05310393656257858 0.047136249545036805 -0.5256876842723699
2.042042042042042 0.05354945266495973 0.04187993910419244 -0.5244461867397435
2.052052052052052 0.05394242293297053 0.036638357268863206 -0.5227458957716205
2.062062062062062 0.054283017685361694 0.0314160663420688 -0.5205929085154742
2.0720720720720722 0.054571452598298945 0.02621756585512252 -0.5179936680899533
2.0820820820820822 0.05480798805983786 0.02104728915049306 -0.5149549543505278
2.0920920920920922 0.054992928490659086 0.015909600058166662 -0.5114838744445901
2.1021021021021022 0.05512662163201055 0.010808789667562326 -0.5075878531665886
2.1121121121121122 0.05520945780182306 0.005749073196947213 -0.5032746231238558
2.1221221221221223 0.05524186911998422 0.0007345869621972185 -0.498552214723847
2.1321321321321323 0.05522432870377429 -0.004230614553368101 -0.4934289459935643
2.1421421421421423 0.055157349834483636 -0.009142561526445702 -0.48791341224198703
2.1521521521521523 0.0550414850962478 -0.013997371516991807 -0.48201447557635485
2.1621621621621623 0.0548773254881503 -0.018791252085834906 -0.4757412542831803
2.1721721721721723 0.054665499510657356 -0.023520503305361016 -0.4691031120848788
2.1821821821821823 0.0544066722274607 -0.028181520162082 -0.4621096472829028
2.1921921921921923 0.05410154430381643 -0.03277079485000176 -0.45477068179827035
2.2022022022022023 0.05375085102247784 -0.03728491895381212 -0.44709625012034915
2.2122122122122123 0.05335536127832956 -0.04172058552104963 -0.439096588174745
2.2222222222222223 0.05291587655283824 -0.04607459102246238 -0.4307821221210947
2.2322322322322323 0.0524332298694423 -0.050343837199934405 -0.4221634570915317
2.2422422422422423 0.051908284731008884 -0.054525332801431785 -0.4132513658805278
2.2522522522522523 0.05134193404049146 -0.05861619520253385 -0.4040567775967591
2.2622622622622623 0.050735099005924815 -0.06261365191422316 -0.394590766287569
2.2722722722722724 0.05008872803089724 -0.06651504197671468 -0.38486453954651895
2.2822822822822824 0.04940379559164161 -0.07031781723920282 -0.3748894271144348
2.2922922922922924 0.048681301101886953 -0.07401954352551761 -0.3646768694842468
2.3023023023023024 0.047922267766612826 -0.07761790168577472 -0.3542384065198334
2.3123123123123124 0.04712774142584614 -0.08111068853421409 -0.343585666098941
2.3223223223223224 0.04629878938963903 -0.0844958176735144 -0.3327303527901567
2.3323323323323324 0.04543649926536167 -0.08777132020597697 -0.32168423657375617
2.3423423423423424 0.04454197777844042 -0.09093534533206453 -0.3104591416161291
2.3523523523523524 0.04361634958766614 -0.09398616083687947 -0.2990669351073327
2.3623623623623624 0.04266075609619061 -0.09692215346526266 -0.2875195161711688
2.3723723723723724 0.041676354259322854 -0.09974182918628162 -0.27582880485703215
2.3823823823823824 0.04066431539022762 -0.10244381334797638 -0.2640067312225988
2.3923923923923924 0.039625823964620464 -0.10502685072331235 -0.25206522451626145
2.4024024024024024 0.03856207642554284 -0.10748980544838733 -0.24001620246803448
2.4124124124124124 0.03747427998929034 -0.10983166085401741 -0.22787156069747147
2.4224224224224224 0.036363651453555725 -0.11205151919191678 -0.21564316224694602
2.4324324324324325 0.03523141600883442 -0.11414860125676803 -0.20334282724844419
2.4424424424424425 0.034078806054129177 -0.11612224590555711 -0.19098232273183333
2.4524524524524525 0.03290706001797373 -0.11797190947563066 -0.17857335258234142
2.4624624624624625 0.03171742118578281 -0.11969716510300484 -0.1661275476547955
2.4724724724724725 0.03051113653451786 -0.12129770194253393 -0.1536564560519272
2.4824824824824825 0.02928945557564376 -0.12277332429161432 -0.14117153357385698
2.4924924924924925 0.028053629207332207 -0.12412395061917439 -0.1286841343456205
2.5025025025025025 0.026804908576851753 -0.12534961250176394 -0.11620550162939329
2.5125125125125125 0.025544543954064865 -0.12645045346862538 -0.10374675882782558
2.5225225225225225 0.02427378361693283 -0.12742672775769104 -0.09131890068466089
2.5325325325325325 0.022993872749911198 -0.12827879898451008 -0.07893278468858965
2.5425425425425425 0.0217060523560959 -0.1290071387261698 -0.06659912268602394
2.5525525525525525 0.020411558183961544 -0.1296123250223283 -0.05432847270825958
2.5625625625625625 0.01911161966950971 -0.13009504079553277 -0.042131231018220916
2.5725725725725725 0.017807458894624872 -0.13045607219304473 -0.030017624381756765
2.5825825825825826 0.016500289562412153 -0.13069630685244457 -0.017997702568188802
2.5925925925925926 0.015191315990267818 -0.13081673209333292 -0.0060813310845645166
2.6026026026026026 0.0138817321214115 -0.13081843303748888 0.0057218158521770155
2.6126126126126126 0.012572720555583117 -0.13070259065988685 0.017402262101194017
2.6226226226226226 0.011265451599585617 -0.13047047977301152 0.028950736138185783
2.6326326326326326 0.009961082338327706 -0.1301234669469465 0.04035817734687255
2.6426426426426426 0.008660755726998096 -0.12966300836774425 0.05161574205832819
2.6526526526526526 0.007365599704975271 -0.1290906476366168 0.06271480933526165
2.6626626626626626 0.006076726332053224 -0.12840801351251313 0.07364698649858231
2.6726726726726726 0.0047952309475365945 -0.12761681760067606 0.08440411439385527
2.6826826826826826 0.0035221913527324583 -0.12671885198979213 0.09497827239550831
2.6926926926926926 0.002258667017341151 -0.12571598684037036 0.10536178314689884
2.7027027027027026 0.0010056983102198853 -0.1246101679270016 0.11554721703462408
2.7127127127127126 -0.00023569424503135328 -0.1234034141371659 0.12552739639569044
2.7227227227227226 -0.0014645106892409764 -0.12209781492926798 0.13529539945643196
2.7327327327327327 -0.0026797723211992104 -0.1206955277525902 0.144844564002309
2.7427427427427427 -0.00388052236518516 -0.1191987754318608 0.15416849077796338
2.7527527527527527 -0.0050658266121482035 -0.11760984351913907 0.1632610466171738
2.7627627627627627 -0.006234774034229434 -0.11593107761572172 0.17211636730258367
2.7727727727727727 -0.007386477372335933 -0.11416488066677617 0.1807288601553187
2.7827827827827827 -0.008520073696509802 -0.11231371023140173 0.18909320635486945
2.7927927927927927 -0.009634724938858303 -0.11038007573081633 0.19720436298983182
2.8028028028028027 -0.010729618398840492 -0.10836653567735906 0.20505756484035004
2.8128128128128127 -0.011803967220730616 -0.10627569488698921 0.21264832589332525
2.8228228228228227 -0.012857010843107749 -0.10411020167794986 0.21997244059169965
2.8328328328328327 -0.013888015420245854 -0.10187274505825054 0.22702598481933806
2.8428428428428427 -0.014896274215304948 -0.09956605190460828 0.23380531662325035
2.8528528528528527 -0.01588110796525233 -0.09719288413546481 0.24030707667513274
2.8628628628628627 -0.016841865217466445 -0.0947560358806799 0.24652818847440056
2.8728728728728727 -0.017777922638003856 -0.09225833065047571 0.25246585829511126
2.8828828828828827 -0.01868868529153362 -0.08970261850618466 0.25811757487936904
2.8928928928928928 -0.019573586892970982 -0.08709177323532234 0.2634811088800197
2.9029029029029028 -0.02043209003086524 -0.08442868953348232 0.26855451205562747
2.9129129129129128 -0.02126368636262311 -0.0817162801955148 0.2733361162209292
2.9229229229229228 -0.022067896781671825 -0.07895747331842279 0.2778245319561366
2.932932932932933 -0.022844271556692358 -0.07615520951836867 0.28201864707865754
2.942942942942943 -0.023592390443075328 -0.07331243916415278 0.28591762488097044
2.952952952952953 -0.02431186276677564 -0.07043211962948621 0.2895209021385616
2.962962962962963 -0.025002327480766508 -0.06751721256633651 0.29282818689201195
2.972972972972973 -0.025663453194314137 -0.06457068120158857 0.29583945600746986
2.982982982982983 -0.026294938175318125 -0.06159548765921501 0.2985549525199118
2.992992992992993 -0.026896510325982947 -0.058594590310110405 0.3009751827637383
3.003003003003003 -0.027467927132108955 -0.05557094115169168 0.30310091329540473
3.013013013013013 -0.028008975586310707 -0.052527483219323844 0.3049331676129214
3.023023023023023 -0.028519472085490945 -0.04946714803158092 0.3064732226771911
3.033033033033033 -0.028999262302919566 -0.04639285307129732 0.3077226052402873
3.043043043043043 -0.02944822103528475 -0.04330749930431862 0.30868308798589067
3.053053053053053 -0.029866252025103446 -0.04021396873780374 0.30935668548722595
3.063063063063063 -0.030253287758895495 -0.037115122019880466 0.30974564998794313
3.073073073073073 -0.03060928924154498 -0.03401379608239589 0.3098524670115026
3.083083083083083 -0.030934245747288102 -0.030912801828451904 0.30967985080471333
3.093093093093093 -0.031228174547784076 -0.02781492186635841 0.3092307396211694
3.103103103103103 -0.031491120617742036 -0.024722908291574863 0.30850829085041903
3.113113113113113 -0.0317231563185915 -0.021639480518157266 0.3075158759987765
3.123123123123123 -0.031924381060699614 -0.018567323161163884 0.30625707552776454
3.133133133133133 -0.03209492094465193 -0.015509083971417285 0.30473567355624265
3.143143143143143 -0.032234928382128 -0.012467371823953311 0.3029556524323379
3.153153153153153 -0.03234458169691524 -0.009444754761430954 0.3009211871813523
3.163163163163163 -0.03242408470661745 -0.006443758093715184 0.29863663983586897
3.173173173173173 -0.03247366628562615 -0.00346686255477713 0.29610655365432575
3.183183183183183 -0.03249357990993385 -0.0005165025179994059 0.29333564723435923
3.193193193193193 -0.03248410318437918 0.0024049357290938595 0.2903288085272575
3.203203203203203 -0.032445537352923375 0.0052951156497214455 0.2870910887598828
3.2132132132132134 -0.03237820679256739 0.00815175206145309 0.28362769627044726
3.2232232232232234 -0.03228245849152696 0.010972612677708216 0.2799439902645361
3.2332332332332334 -0.032158661512291256 0.01375551958638014 0.2760454744977837
3.2432432432432434 -0.03200720644019837 0.016498350664883202 0.2719377908916084
3.2532532532532534 -0.031828504818166826 0.01919904093098589 0.2676267130884062
3.2632632632632634 -0.031622988568229135 0.021855583828853345 0.2631181399526002
3.2732732732732734 -0.03139110940051853 0.024466032449792615 0.25841808902392016
3.2832832832832834 -0.03113333821036468 0.027028500687251582 0.25353268992927075
3.2932932932932935 -0.03085016446415847 0.029541164325690778 0.2484681777595197
3.3033033033033035 -0.030542095574649677 0.0320022620630059 0.24323088641750712
3.3133133133133135 -0.030209656266343674 0.03441009646624734 0.2378272419435353
3.3233233233233235 -0.029853387931666104 0.036763034860441045 0.23226375582456116
3.3333333333333335 -0.029473847978565976 0.0390595101503772 0.2265470182932679
3.3433433433433435 -0.02907160917022828 0.04129802157529887 0.2206836916231303
3.3533533533533535 -0.028647258957568207 0.04347713539647864 0.21468050342554307
3.3633633633633635 -0.0282013988051783 0.04559548551773563 0.20854423995500912
3.3733733733733735 -0.027734643511399603 0.04765177403900111 0.20228173942832747
3.3833833833833835 -0.027247620523185818 0.04964477174310511 0.19589988536363617
3.3933933933933935 -0.0267409692464282 0.051573318516009346 0.18940559994510303
3.4034034034034035 -0.02621534035240565 0.05343632370077387 0.18280583741896486
3.4134134134134135 -0.025671395081022147 0.055232766385596814 0.17610757752654232
3.4234234234234235 -0.02510980454148898 0.05696169562632814 0.16931781897975395
3.4334334334334335 -0.024531249011105698 0.058622230603908414 0.16244357298457168
3.4434434434434436 -0.023936417232788974 0.06021356071723862 0.15549185681776245
3.4534534534534536 -0.02332600571199241 0.06173494561204285 0.14846968746214795
3.4634634634634636 -0.022700718013655422 0.06318571514633352 0.1413840753055237
3.4734734734734736 -0.022061264059812177 0.06456526929314288 0.13424201790826054
3.4834834834834836 -0.021408359428485593 0.06587307798123165 0.1270504938445091
3.4934934934934936 -0.020742724654482764 0.06710868087453727 0.11981645662179956
3.5035035035035036 -0.020065084532701387 0.06827168709116906 0.11254682868372275
3.5135135135135136 -0.01937616742454843 0.06936177486280459 0.105248495500256
3.5235235235235236 -0.018676704568062367 0.07037869113538796 0.09792829975016283
3.5335335335335336 -0.01796742939232257 0.07132225111207229 0.0905930355997818
3.5435435435435436 -0.017249076836718617 0.07219233773939328 0.0832494430823802
3.5535535535535536 -0.01652238267564316 0.07298890113769939 0.07590420258212655
3.5635635635635636 -0.015788082849160525 0.07371195797690741 0.06856392942658758
3.5735735735735736 -0.015046912800192963 0.07436159079868762 0.0612351685915313
3.5835835835835836 -0.014299606818755611 0.07493794728622087 0.0539243895216772
3.5935935935935936 -0.01354689739375828 0.07544123948270687 0.046637981070885244
3.6036036036036037 -0.012789514572881681 0.07587174295983506 0.039382246565145496
3.6136136136136137 -0.012028185331022283 0.07622979593746466 0.03216339899157573
3.6236236236236237 -0.01126363294778847 0.0765157983557894 0.02498755631650119
3.6336336336336337 -0.010496576394516314 0.07673021090129468 0.017860736935528542
3.6436436436436437 -0.009727729731261478 0.07687355398784261 0.010788855258393333
3.6536536536536537 -0.008957801514209128 0.07694640669424625 0.003777717431200732
3.6636636636636637 -0.008187494213931161 0.07694940565972187 -0.003166982801459824
3.6736736736736737 -0.007417503644904531 0.07688324393863068 -0.010039668092209018
3.6836836836836837 -0.006648518406691377 0.07674866981594432 -0.01683488134220432
3.6936936936936937 -0.005881219337167298 0.07654648558488972 -0.023547289406072907
3.7037037037037037 -0.0051162789781681 0.07627754628824801 -0.03017168664858837
3.7137137137137137 -0.004354361053912111 0.07594275842480035 -0.03670299835136597
3.7237237237237237 -0.003596119962538891 0.07554307862243002 -0.04313628396801456
3.7337337337337337 -0.00284220028109116 0.07507951227940476 -0.04946674022632366
3.7437437437437437 -0.0020932362842499665 0.07455311217537713 -0.055689704076230126
3.7537537537537538 -0.0013498514771188557 0.07396497705365224 -0.06180065548244796
3.7637637637637638 -0.0006126581423372551 0.07331625017628296 -0.06779522006079655
3.7737737737737738 0.0001177430982136091 0.07260811785356089 -0.07366917155742266
3.7837837837837838 0.0008407637068631464 0.07184180794947971 -0.07941843417024765
3.793793793793794 0.001555827638530105 0.07101858836475233 -0.08503908471213023
3.803803803803804 0.002262371733810103 0.07013976549896915 -0.09052735461537226
3.813813813813814 0.0029598460965719665 0.06920668269348569 -0.09587963177735362
3.823823823823824 0.003647714455877536 0.06822071865663108 -0.10109246224721709
3.833833833833834 0.004325454512055573 0.06718328587282844 -0.10616255175366844
3.843843843843844 0.004992558266777465 0.06609582899721592 -0.11108676707410771
3.853853853853854 0.005648532336996882 0.06495982323735579 -0.11586213724543691
3.863863863863864 0.006292898252632543 0.06377677272361346 -0.12048585461703687
3.873873873873874 0.006925192737887921 0.062548208869784 -0.12495527574653481
3.883883883883884 0.007544967976118967 0.06127568872553541 -0.1292679221391291
3.893893893893894 0.00815179185817506 0.05996079332223054 -0.1334214808313609
3.903903903903904 0.008745248214155232 0.058605126013679856 -0.13741380482036114
3.913913913913914 0.009324937028535946 0.05721031081336635 -0.1412429133397209
3.923923923923924 0.009890474638643591 0.055777990729670955 -0.1449069919832715
3.933933933933934 0.010441493916458836 0.05430982610061423 -0.14840439267817465
3.943943943943944 0.01097764443375529 0.052807492929616034 -0.1517336335088452
3.953953953953954 0.011498592610590741 0.05127268122375667 -0.15489339839335622
3.963963963963964 0.012004021847182796 0.04970709333600883 -0.1578825366140813
3.973973973973974 0.012493632639216393 0.04811244231288902 -0.16070006220445146
3.983983983983984 0.012967142676644063 0.04649045024896026 -0.16334515319380588
3.993993993993994 0.013424286926055195 0.044842846649594786 -0.16581715071243378
4.004004004004004 0.013864817696703752 0.043171366803385736 -0.1681155579590013
4.014014014014014 0.014288504690297327 0.041477750165575325 -0.17024003903265872
4.024024024024024 0.014695135034665666 0.03976373875383929 -0.17219041763223245
4.034034034034034 0.015084513301438018 0.0380310755577483 -0.1739666756249871
4.044044044044044 0.015456461507872893 0.03628150296319837 -0.17556895148754575
4.054054054054054 0.015810819102996854 0.03451676119307572 -0.17699753862164216
4.064064064064064 0.016147442938220707 0.03273858676539602 -0.17825288354746577
4.074074074074074 0.01646620722261399 0.03094871097012989 -0.17933558397743812
4.084084084084084 0.016767003463031158 0.02914885836589525 -0.18024638677334678
4.094094094094094 0.01704974038929377 0.027340745297670686 -0.18098618578983044
4.104104104104104 0.017314343864645032 0.02552607843665105 -0.1815560196072862
4.114114114114114 0.01756075678170338 0.023706553343337974 -0.18195706915733617
4.124124124124124 0.017788938944153607 0.02188385305492301 -0.18219065524405764
4.134134134134134 0.01799886693442337 0.020059646697991824 -0.18225823596424146
4.1441441441441444 0.018190533967603898 0.018235588127542755 -0.18216140403000203
4.1541541541541545 0.01836394973188279 0.01641331459328157 -0.18190188399711654
4.1641641641641645 0.018519140215766984 0.014594445434117325 -0.18148152940252305
4.1741741741741745 0.018656147522382444 0.012780580801752008 -0.1809023198144536
4.1841841841841845 0.018775029671146096 0.01097330041422192 -0.18016635779872206
4.1941941941941945 0.01887586038711416 0.009174162340210353 -0.17927586580472835
4.2042042042042045 0.018958728878318676 0.007384701814918787 -0.1782331829747754
4.2142142142142145 0.019023739601412015 0.005606430088244994 -0.1770407618803295
4.2242242242242245 0.01907101201594628 0.003840833305982596 -0.17570116518888407
4.2342342342342345 0.019100680327621657 0.002089371424716397 -0.17421706226511174
4.2442442442442445 0.019112893220844186 0.0003534771610536445 -0.1725912257100131
4.2542542542542545 0.01910781358093966 -0.0013654450242058078 -0.17082652784178998
4.2642642642642645 0.01908561820637636 -0.0030660199063978627 -0.16892593712218335
4.2742742742742745 0.019046497511354513 -0.004746902441292164 -0.1668925145320302
4.2842842842842845 0.018990655219125813 -0.006406778672871577 -0.16472940989980256
4.2942942942942945 0.018918308046410617 -0.00804436660413963 -0.16243985818689427
4.3043043043043046 0.018829685379285237 -0.009658417030543811 -0.160027175733423
4.314314314314315 0.0187250289409153 -0.011247714335637387 -0.15749475646831496
4.324324324324325 0.01860459245151496 -0.012811077248640146 -0.154846068087432
4.334334334334335 0.018468641280914862 -0.01434735956359888 -0.1520846482034935
4.344344344344345 0.018317452094124685 -0.015855450819882357 -0.14921410047153166
4.354354354354355 0.018151312490278307 -0.017334276943785747 -0.14623809069360622
4.364364364364365 0.017970520635352025 -0.018782800851053917 -0.14316034290648438
4.374374374374375 0.017775384889047754 -0.020200023010173408 -0.13998463545596931
4.384384384384385 0.017566223426234467 -0.0215849819663163 -0.13671479706153825
4.394394394394395 0.01734336385334228 -0.022936754825858274 -0.133354702874921
4.404404404404405 0.017107142820104025 -0.024254457701426826 -0.1299082705362226
4.414414414414415 0.016857905627039475 -0.025537246117474578 -0.12637945623115435
4.424424424424425 0.01659600582907716 -0.026784315376405795 -0.12277225075290597
4.434434434434435 0.016321804835708616 -0.027994900885319206 -0.11909067557215258
4.444444444444445 0.016035671508068436 -0.029168278443467484 -0.11533877891864203
4.454454454454455 0.01573798175333311 -0.030303764490565165 -0.11152063187777149
4.464464464464465 0.015429118116829392 -0.03140071631611264 -0.10764032450550709
4.474474474474475 0.015109469372241826 -0.03245853222993541 -0.10370196196495901
4.484484484484485 0.014779430110306179 -0.033476651694173076 -0.09970966068786209
4.494494494494495 0.01443940032637351 -0.03445455541698267 -0.09566754456416483
4.504504504504505 0.014089785007226815 -0.03539176540825297 -0.09157974116287218
4.514514514514515 0.01373099371752858 -0.03628784499765941 -0.08745037798722113
4.524524524524525 0.013363440186274701 -0.0371423988154173 -0.08328357876721582
4.534534534534535 0.01298754189362607 -0.03795507273612304 -0.07908345979247763
4.544544544544545 0.012603719658485455 -0.038725553786100354 -0.07485412628830719
4.554554554554555 0.012212397227182547 -0.03945357001469959 -0.07059966883777864
4.564564564564565 0.011814000863625697 -0.0401388903300239 -0.06632415985262544
4.574574574574575 0.011408958941274205 -0.04078132429958403 -0.062031650095602596
4.584584584584585 0.010997701537279173 -0.04138072191641093 -0.05772616525693406
4.594594594594595 0.010580660029136305 -0.041936973331179635 -0.05341170258738507
4.604604604604605 0.010158266694187701 -0.042450008550924095 -0.04909222759041778
4.614614614614615 0.00973095431230447 -0.042919797104945694 -0.04477167077581728
4.624624624624625 0.009299155772074949 -0.04334634767854332 -0.04045392447708729
4.634634634634635 0.008863303680817787 -0.043729707715213735 -0.03614283973484385
4.644644644644645 0.00842382997873189 -0.04406996298799414 -0.03184222324834616
4.654654654654655 0.007981165557489 -0.044367237140638977 -0.027555834397228914
4.664664664664665 0.0075357398835669545 -0.04462169119934402 -0.02328738233540793
4.674674674674675 0.007087980626614891 -0.04483352305574969 -0.01904052315905306
4.684684684684685 0.006638313293134502 -0.045002966921973725 -0.014818857150437147
4.694694694694695 0.006187160865752923 -0.04513029275844203 -0.010625926099377011
4.704704704704705 0.005734943448356086 -0.04521580567530212 -0.006465210703903582
4.714714714714715 0.0052820779173426615 -0.04525984530822042 -0.0023401280517047107
4.724724724724725 0.0048289775792513465 -0.04526278516937902 0.0017459708161975803
4.734734734734735 0.004376051835005106 -0.045225031974502214 0.005789803258170205
4.744744744744745 0.00392370585100837 -0.045147024946756244 0.00978815729980922
4.754754754754755 0.0034723402373245896 -0.045029235098377286 0.013737893815703024
4.764764764764765 0.003022350733152331 -0.04487216449089609 0.01763594862402054
4.774774774774775 0.0025741278998101273 -0.04467634547483568 0.021479334492906732
4.784784784784785 0.0021280568214308657 -0.044442339909770846 0.025265143057764457
4.794794794794795 0.0016845168135581885 -0.044170738365644883 0.028990546648583915
4.804804804804805 0.001243881139827535 -0.04386215930624812 0.032652800026578305
4.814814814814815 0.0008065167369060514 -0.043517248255769456 0.036249242029466874
4.824824824824825 0.000372783947856456 -0.04313667694933825 0.039777297124835014
4.834834834834835 -5.696373591998682e-05 -0.042721142468479155 0.0432344768710957
4.844844844844845 -0.0004823799240145848 -0.04227136636240676 0.046618381285656596
4.854854854854855 -0.0009031255674796497 -0.04178809375609073 0.049926700119990335
4.864864864864865 -0.001318869190306073 -0.04127209244602428 0.05315721404138649
4.874874874874875 -0.0017292871117921456 -0.04072415198463106 0.056307795721257166
4.884884884884885 -0.0021340636596941624 -0.040145082754245914 0.05937641082994583
4.894894894894895 -0.002532891374059441 -0.039535715031605356 0.06236111893807942
4.904904904904905 -0.002925471201651029 -0.03889689804378309 0.06526007432458149
4.914914914914915 -0.003311512680883618 -0.03822949901650332 0.06807152669155413
4.924924924924925 -0.0036907341171987964 -0.037534402215763124 0.0707938217863118
4.934934934934935 -0.004062862748817098 -0.03681250798369173 0.07342540193093189
4.944944944944945 -0.004427634902814245 -0.03606473176956968 0.07596480645977054
4.954954954954955 -0.004784796141477342 -0.035292003156927175 0.0784106720654644
4.964964964964965 -0.005134101398906651 -0.03449526488763435 0.08076173305402151
4.974974974974975 -0.005475315107836992 -0.0336754718838905 0.08301682150967434
4.984984984984985 -0.0058082113166626976 -0.03283359026901149 0.08517486737024905
4.994994994994995 -0.0061325737966583405 -0.03197059638790712 0.08723489841387343
5.005005005005005 -0.006448196139396365 -0.031087475828131903 0.0891960401579162
5.015015015015015 -0.00675488184437217 -0.03018522244238244 0.0910575156711267
5.025025025025025 -0.007052444396855101 -0.029264837373305607 0.09281864530000503
5.035035035035035 -0.007340707335992996 -0.028327328081470204 0.09447884631050467
5.045045045045045 -0.0076195043132058935 -0.02737370737734468 0.09603763244623094
5.055055055055055 -0.007888679140913502 -0.026404992458109556 0.09749461340436566
5.065065065065065 -0.008148085831648765 -0.025422203950122377 0.09884949423060839
5.075075075075075 -0.008397588627617976 -0.02442636495783944 0.10010207463448159
5.085085085085085 -0.008637062020776402 -0.02341850011998352 0.10125224822641214
5.095095095095095 -0.008866390763495508 -0.02239963467373421 0.10230000167805033
5.105105105105105 -0.009085469869906182 -0.02137079352770098 0.10324541380734753
5.115115115115115 -0.00929420460800931 -0.020333000344425246 0.10408865458996194
5.125125125125125 -0.009492510482653057 -0.019287276633139765 0.10482998409861606
5.135135135135135 -0.009680313209483015 -0.018234640853498706 0.10546975137207584
5.145145145145145 -0.00985754867997831 -0.017176107530974892 0.10600839321546741
5.155155155155155 -0.010024162917694267 -0.016112686384601598 0.10644643293369524
5.165165165165165 -0.01018011202583817 -0.015045381467720567 0.10678447899976382
5.175175175175175 -0.010325362126311794 -0.013975190322377843 0.10702322365984919
5.185185185185185 -0.010459889290360217 -0.01290310314799226 0.10716344147700237
5.195195195195195 -0.01058367946097306 -0.011830101984899954 0.10720598781540479
5.205205205205205 -0.010696728367189887 -0.010757159913361318 0.1071517972671297
5.215215215215215 -0.010799041430467405 -0.009685240268595175 0.10700188202339522
5.225225225225225 -0.010890633663271608 -0.008615295872386757 0.10675733019232517
5.235235235235235 -0.010971529560063514 -0.007548268281793625 0.10641930406526197
5.245245245245245 -0.011041762980852153 -0.006485087055454625 0.10598903833370187
5.255255255255255 -0.011101377027493314 -0.0054266690379863375 0.10546783825894508
5.265265265265265 -0.0111504239129177 -0.004373917662928598 0.10485707779657773
5.275275275275275 -0.011188964823476139 -0.003327722274681467 0.10415819767791905
5.285285285285285 -0.01121706977459429 -0.002288957469853027 0.10337270345058693
5.295295295295295 -0.01123481745993294 -0.0012584824584172902 0.10250216348034898
5.305305305305305 -0.011242295094254314 -0.00023714044505776733 0.10154820691643994
5.315315315315315 -0.01123959825019811 0.0007742419689481072 0.10051252162253718
5.325325325325325 -0.011226830689174582 0.0017748553629702995 0.09939685207559536
5.335335335335335 -0.01120410418658522 0.0027639080530837867 0.0982029972347476
5.345345345345345 -0.011171538351584548 0.0037406266266528845 0.09693280838248643
5.355355355355355 -0.011129260441599287 0.0047042564551766355 0.09558818694033949
5.365365365365365 -0.011077405171823792 0.0056540621851500885 0.09417108226125717
5.375375375375375 -0.011016114519912896 0.006589328206720563 0.09268348940092651
5.385385385385385 -0.010945537526095525 0.007509359099938506 0.09112744687022392
5.395395395395395 -0.010865830088934169 0.008413480058424665 0.0895050343710145
5.405405405405405 -0.010777154756957185 0.009301037290298977 0.08781837051749639
5.415415415415415 -0.010679680516392143 0.010171398396236576 0.08606961054528288
5.425425425425425 -0.010573582575229768 0.011023952724539767 0.0842609440104008
5.435435435435435 -0.010459042143849082 0.011858111703134683 0.08239459248037569
5.445445445445445 -0.010336246212434954 0.012673309148426352 0.08047280721955248
5.455455455455455 -0.010205387325420123 0.013469001550962843 0.07849786687079315
5.465465465465465 -0.0100666633531839 0.014244668337883862 0.07647207513566817
5.475475475475475 -0.009920277261239863 0.014999812112150436 0.0743977584552387
5.485485485485485 -0.009766436877145169 0.015733958868569427 0.07227726369351198
5.495495495495495 -0.009605354655363404 0.016446658186651874 0.07011295582562098
5.505505505505505 -0.009437247440312536 0.017137483400362724 0.06790721563275773
5.515515515515515 -0.009262336227829137 0.017806031744838184 0.06566243740586687
5.525525525525525 -0.009080845925278842 0.01845192448016916 0.06338102666007366
5.535535535535535 -0.008893005110541887 0.0190748069923688 0.06106539786179048
5.545545545545545 -0.008699045790101832 0.019674348871658538 0.05871797217042313
5.555555555555555 -0.008499203156463268 0.020250243968230802 0.05634117519655358
5.565565565565565 -0.008293715345123513 0.020802210425660453 0.053937434778454606
5.575575575575575 -0.008082823191320965 0.021329990692158476 0.051509178778749526
5.585585585585585 -0.007866769986780616 0.021833351509879195 0.049058832902993
5.595595595595595 -0.007645801236675721 0.022312083882507692 0.04658881854191923
5.605605605605605 -0.007420164417021577 0.022766003021373802 0.04410155063905783
5.615615615615615 -0.007190108732714914 0.023194948270355353 0.04159943558537837
5.625625625625625 -0.006955884876430197 0.023598783009848332 0.03908486914259003
5.635635635635635 -0.006717744788580751 0.0239773945400992 0.036560234396675106
5.645645645645645 -0.006475941418549505 0.024330693944210467 0.03402789974319024
5.655655655655655 -0.0062307284873916605 0.02465861593114371 0.031490216905834985
5.665665665665665 -0.005982360252207611 0.024961118659061064 0.028949518989733043
5.675675675675675 -0.0057310912723808755 0.02523818353936024 0.026408118570827258
5.685685685685685 -0.005477176177873144 0.02548981502176993 0.023868305822751706
5.6956956956956954 -0.005220869439763332 0.025716040360889002 0.02133234668248223
5.7057057057057055 -0.004962425143215064 0.025916909364562785 0.01880248105603409
5.7157157157157155 -0.004702096763052152 0.026092494124503842 0.01628092106541693
5.7257257257257255 -0.004440136942117415 0.026242888729576478 0.013769849338008823
5.7357357357357355 -0.0041767972725867695 0.026368208962174542 0.011271417339468386
5.7457457457457455 -0.003912328080405355 0.026468591978133987 0.008787743751246906
5.7557557557557555 -0.0036469782130080126 0.026544195970632102 0.006320912893710905
5.7657657657657655 -0.0033809948304826232 0.026595199818534167 0.0038729731958430428
5.7757757757757755 -0.003114623200329378 0.026621802719658895 0.0014459357124293338
5.7857857857857855 -0.0028481064959642558 0.02662422380944224 -0.000958227310410756
5.7957957957957955 -0.002581685599111175 0.026602701765487274 -0.0033375838205370106
5.8058058058058055 -0.0023155989062207316 0.02655749439849657 -0.005690243295197827
5.8158158158158155 -0.002050082139050069 0.026488878230089576 -0.00801435802582597
5.8258258258258255 -0.0017853681595323156 0.026397148058015355 -0.010308124351573938
5.8358358358358355 -0.0015216867890589104 0.026282616509276706 -0.012569783840993427
5.8458458458458455 -0.0012592646322937676 0.026145613581687436 -0.01479762442130892
5.8558558558558556 -0.0009983249056321455 0.025986486174390016 -0.016989981454795376
5.865865865865866 -0.0007390872704118096 0.025805597607865226 -0.019145238761822163
5.875875875875876 -0.0004817676709795311 0.025603327133969754 -0.02126182959017061
5.885885885885886 -0.00022657817770977957 0.025380069436541256 -0.023338237530291808
5.895895895895896 2.6273164932964713e-05 0.025136234123113315 -0.02537299737622322
5.905905905905906 0.00027658248520146266 0.02487224520828574 -0.02736469593192724
5.915915915915916 0.0005241502256620185 0.024588540589297336 -0.029311972762873183
5.925925925925926 0.0007687812795048214 0.02428557151434978 -0.031213520892735425
5.935935935935936 0.0010102851214977679 0.023963802044232832 -0.033068087445122116
5.945945945945946 0.001248475933520362 0.023623708507800895 -0.03487447423031299
5.955955955955956 0.0014831727246181548 0.023265778951851553 -0.03663153827702052
5.965965965965966 0.0017141994455247439 0.02289051258595622 -0.038338192309247
5.975975975975976 0.0019413850976038025 0.022498419222791437 -0.039993405168357865
5.985985985985986 0.002164563836168331 0.02209001871451899 -0.041596202180533524
5.995995995995996 0.0023835750681405676 0.02166584038576039 -0.04314566546981592
6.006006006006006 0.0025982635440214424 0.021226422463708643 -0.04464093421701228
6.016016016016016 0.0028084794441431203 0.02077231150591843 -0.04608120486475857
6.026026026026026 0.003014078459184348 0.020304061826311667 -0.04746573126909734
6.036036036036036 0.0032149218649336385 0.019822234919931417 -0.04879382479796739
6.046046046046046 0.0034108765912899486 0.019327398886974233 -0.050064854377042736
6.056056056056056 0.0036018152854964927 0.018820127856625124 -0.05127824648340532
6.066066066066066 0.003787616369608573 0.018301001411214355 -0.05243348508757898
6.076076076076076 0.0039681640922006 0.01777060401121132 -0.053530111544486246
6.086086086086086 0.004143348574323969 0.017229524421562243 -0.054567724433940125
6.096096096096096 0.004313065849731159 0.016678355139875086 -0.055545979351312405
6.106106106106106 0.004477217899387273 0.01611769182694631 -0.05646458864906466
6.116116116116116 0.004635712680295104 0.01554813274011739 -0.05732332112986475
6.126126126126126 0.004788464148664067 0.014970278169942917 -0.058122001692044026
6.136136136136136 0.004935392277458736 0.014384729880642929 -0.05886051092819007
6.146146146146146 0.005076423068367356 0.013792090554803854 -0.05953878467770312
6.156156156156156 0.005211488558234812 0.013192963242785844 -0.060156813534174666
6.166166166166166 0.005340526820009576 0.012587950817283602 -0.06071464230848189
6.176176176176176 0.005463481958258626 0.011977655433478803 -0.06121236944852225
6.186186186186186 0.005580304099307986 0.011362677995215046 -0.06165014641653888
6.196196196196196 0.005690949376071836 0.010743617627612922 -0.06202817702502188
6.206206206206206 0.005795379907636268 0.010121071156536552 -0.06234671673219154
6.216216216216216 0.005893563773668462 0.009495632595310314 -0.06260607189810102
6.226226226226226 0.005985474983725942 0.008867892639074035 -0.06280659900241874
6.236236236236236 0.006071093441544004 0.008238438167156161 -0.0629487038249741
6.246246246246246 0.006150404904383554 0.007607851753831364 -0.06303284059017421
6.256256256256256 0.006223400937525208 0.006976711187818066 -0.06305951107642023
6.266266266266266 0.006290078863998626 0.006345589000861752 -0.06302926369167178
6.276276276276276 0.006350441709639824 0.0057150520057364556 -0.06294269251632668
6.286286286286286 0.0064044981435724645 0.005085660843985031 -0.06280043631460265
6.296296296296296 0.006452262414211968 0.004457969543708793 -0.06260317751562135
6.306306306306306 0.006493754280894627 0.003832525087703085 -0.062351641165413106
6.316316316316316 0.006528998941236831 0.003209866992222981 -0.06204659385107281
6.326326326326326 0.006558026954331939 0.002590526896653484 -0.061688842598311186
6.336336336336336 0.006580874159895545 0.001975028164342088 -0.061279233743656784
6.346346346346346 0.006597581593471887 0.0013638854948429238 -0.06081865178257418
6.356356356356356 0.006608195397816935 0.00075760454780649 -0.060308018194773584
6.366366366366366 0.006612766730575868 0.00015668157873619865 -0.05974829024799369
6.376376376376376 0.006611351668374703 -0.00043839691317791287 -0.05914045978154756
6.386386386386386 0.0066040111074479975 -0.0010271545249528659 -0.05848555197092552
6.396396396396396 0.006590810660926449 -0.0016091252772513298 -0.05778462407475346
6.406406406406406 0.006571820552909844 -0.002183853929193734 -0.057038764165408616
6.416416416416417 0.00654711550945261 -0.002750896280387538 -0.056249089844595604
6.426426426426427 0.006516774646590634 -0.0033098194600298574 -0.05541674694518629
6.436436436436437 0.0064808813555393965 -0.0038602022029522315 -0.054542908220626594
6.446446446446447 0.006439523185194778 -0.004401635112488873 -0.053628772023212375
6.456456456456457 0.006392791722068897 -0.004933720910065092 -0.05267556097253097
6.466466466466467 0.006340782467794468 -0.005456074671412311 -0.051684520615364306
6.476476476476477 0.006283594714331889 -0.005968324049331355 -0.05065691807834188
6.486486486486487 0.0062213314170140605 -0.006470109482938432 -0.04959404071462546
6.496496496496497 0.006154099065564559 -0.006961084393339273 -0.04849719474590229
6.506506506506507 0.006082007553225214 -0.00744091536569143 -0.04736770390095291
6.516516516516517 0.006005170044129444 -0.007909282317627353 -0.04620690805204955
6.526526526526527 0.005923702839058081 -0.00836587865402122 -0.04501616185043459
6.536536536536537 0.005837725239714269 -0.008810411408098358 -0.04379683336211074
6.546546546546547 0.005747359411654228 -0.009242601368894963 -0.04255030270516827
6.556556556556557 0.00565273024601039 -0.009662183195090218 -0.041277960689857014
6.566566566566567 0.005553965220143073 -0.010068905515244742 -0.03998120746259656
6.576576576576577 0.005451194257356688 -0.010462531014489703 -0.038661451155105823
6.586586586586587 0.0053445495858157775 -0.010842836507724178 -0.03732010653981328
6.596596596596597 0.005234165596795497 -0.011209612999389872 -0.035958593692692435
6.606606606606607 0.0051201787024007074 -0.011562665729902185 -0.03457833666465202
6.616616616616617 0.005002727192886685 -0.011901814208829358 -0.0331807621625883
6.626626626626627 0.004881951093713523 -0.012226892234922267 -0.03176729824118652
6.636636636636637 0.004757992022465484 -0.012537747903106987 -0.030339373006542974
6.646646646646647 0.004630993045765087 -0.012834243598564124 -0.02889841333265253
6.656656656656657 0.004501098536310428 -0.013116255978029309 -0.02744584359178574
6.666666666666667 0.004368454030163226 -0.013383675938457809 -0.025983084399761117
6.676676676676677 0.004233206084412944 -0.013636408573208568 -0.024511551377087114
6.686686686686687 0.004095502135341439 -0.013874373115910284 -0.023032653926932628
6.696696696696697 0.0039554903572104234 -0.014097502872183075 -0.021547794030854377
6.706706706706707 0.0038133195217923315 -0.014305745139398389 -0.020058365063185386
6.716716716716717 0.0036691388587635483 -0.014499061114667608 -0.018565750624965984
6.726726726726727 0.0035230979170767984 -0.01467742579125977 -0.017071323398269497
6.736736736736737 0.003375346427427281 -0.014840827843656831 -0.015576444021746851
6.746746746746747 0.00322603416592552 -0.014989269501462402 -0.014082459988192013
6.756756756756757 0.003075310819087247 -0.015122766412388558 -0.012590704564898083
6.766766766766767 0.0029233258502483254 -0.015241347494552865 -0.011102495737544946
6.776776776776777 0.002770228367510929 -0.01534505477832405 -0.009619135178337434
6.786786786786787 0.0026161669933238976 -0.015433943237963365 -0.008141907239074268
6.796796796796797 0.0024612897357985408 -0.015508080613313859 -0.006672077969808274
6.806806806806807 0.002305743861858067 -0.015567547221797132 -0.005210894163723026
6.816816816816817 0.0021496757723161873 -0.01561243576098319 -0.003759582428821363
6.826826826826827 0.001993230878978193 -0.015642851102004304 -0.0023193482869955802
6.836836836836837 0.0018365534838546457 -0.01565891007408983 -0.0008913753010146966
6.846846846846847 0.001679786660574979 -0.01566074124050419 0.0005231757700667095
6.856856856856857 0.0015230721380859562 -0.015648484666174554 0.0019231677865991516
6.866866866866867 0.0013665501867165565 -0.01562229167730004 0.003307488014685119
6.876876876876877 0.0012103595066879137 -0.015582324613238187 0.004675048882769384
6.886886886886887 0.0010546371191444393 -0.015528756570968479 0.00602478870808645
6.896896896896897 0.0008995182597787567 -0.015461771142436465 0.007355672392614222
6.906906906906907 0.0007451362751199957 -0.015381562145085364 0.00866669208821401
6.916916916916917 0.0005916225215525452 -0.01528833334588507 0.009956867830662155
6.926926926926927 0.0004391062671282488 -0.01518229817917123 0.011225248142318305
6.936936936936937 0.0002877145962328839 -0.015063679458609648 0.012470910603197391
6.946946946946947 0.0001375723171639575 -0.01493270908360315 0.013692962390248429
6.956956956956957 -1.1198127326303035e-05 -0.0147896277404601 0.014890540784673813
6.966966966966967 -0.00015847674647160995 -0.01463468459864525 0.016062813647148812
6.976976976976977 -0.00030414608486847367 -0.014468137002434734 0.01720897986083547
6.986986986986987 -0.0004480913027450269 -0.014290250158297947 0.01832826974211503
6.996996996996997 -0.000590200253080342 -0.014101296818329848 0.019419945418988654
7.007007007007007 -0.0007303635555364844 -0.013901556960057395 0.02048330117712998
7.017017017017017 -0.0008684746671688035 -0.013691317462943713 0.021517663773602102
7.027027027027027 -0.0010044299498825878 -0.013470871781913848 0.022522392718275778
7.037037037037037 -0.0011381287346084092 -0.013240519618224682 0.023496880523021818
7.047047047047047 -0.0012694733821707503 -0.01300056658800147 0.0244405529187714
7.057057057057057 -0.0013983693408283436 -0.012751323888761964 0.02535286904057066
7.067067067067067 -0.001524725200467824 -0.012493107964247453 0.026233321580783297
7.077077077077077 -0.0016484527434350393 -0.01222624016787918 0.027081436910618376
7.087087087087087 -0.0017694669919919993 -0.011951046425155907 0.02789677517019101
7.097097097097097 -0.0018876862523905737 -0.011667856895306323 0.02867893032734922
7.107107107107107 -0.002003032155556752 -0.011377005632508033 0.029427530205523262
7.117117117117117 -0.002115429694382831 -0.011078830246981699 0.030142236480882018
7.127127127127127 -0.0022248072576279278 -0.010773671566265706 0.03082274464910554
7.137137137137137 -0.0023310966604298904 -0.010461873296974402 0.0314687839621044
7.147147147147147 -0.002434233171435071 -0.01014378168733871 0.032080117335043
7.157157157157157 -0.002534155536555417 -0.009819745190824182 0.03265654122404698
7.167167167167167 -0.002630805999364782 -0.009490114131118773 0.033197885474994436
7.177177177177177 -0.0027241303181500124 -0.009155240368776641 0.033704013143817296
7.187187187187187 -0.002814077779634483 -0.008815476969801847 0.03417482028875596
7.197197197197197 -0.002900601209395017 -0.008471177876450024 0.034610235735034155
7.207207207207207 -0.0029836569789958873 -0.008122697580521334 0.035010220812440665
7.217217217217217 -0.0030632050098659573 -0.007770390799414083 0.03537476906632214
7.227227227227227 -0.0031392087739480403 -0.007414612155202185 0.03570390594251235
7.237237237237237 -0.0032116352911521285 -0.007055715856994343 0.035997688446740866
7.247247247247247 -0.00328045512364642 -0.006694055386828307 0.036256204779080384
7.257257257257257 -0.0033456423670228737 -0.006329983189346826 0.036479573944010156
7.267267267267267 -0.003407174638376445 -0.0059638503654960906 0.03666794533668926
7.277277277277277 -0.003465033061339222 -0.005596006370482671 0.03682149830604721
7.287287287287287 -0.0035192022481135123 -0.005226798716216796 0.036940441695316524
7.297297297297297 -0.003569670278549673 -0.004856572678465533 0.03702501336064377
7.307307307307307 -0.0036164286763170302 -0.0044856710089316906 0.037075479668430236
7.317317317317317 -0.0036594723822183095 -0.0041144336524676925 0.0370921349720662
7.327327327327327 -0.003698799724699838 -0.0037431974696280103 0.037075301068733066
7.337337337337337 -0.003734412387612058 -0.003372295964755937 0.03702532663696075
7.347347347347347 -0.003766315375276718 -0.0030020590197934465 0.036942586655637114
7.357357357357357 -0.0037945169749188587 -0.002632812633997052 0.03682748180517584
7.367367367367367 -0.0038190287165236416 -0.0022648786697342764 0.03668043785155872
7.377377377377377 -0.003839865330179787 -0.001898574604528207 0.03650190501397637
7.387387387387387 -0.0038570447009728622 -0.0015342132895113784 0.03629235731679842
7.397397397397397 -0.0038705878214934284 -0.0011721027144417986 0.036052291926611975
7.407407407407407 -0.0038805187420264792 -0.0008125457794264409 0.03578222847507226
7.4174174174174174 -0.0038868645184899314 -0.00045584007349151897 0.03548270836831538
7.4274274274274275 -0.003889655158191463 -0.00010227766012903115 0.03515429408368722
7.4374374374374375 -0.003888923563474076 0.0002478551300562006 0.034797568454546776
7.4474474474474475 -0.0038847054733220764 0.0005942778994838552 0.03441313394390537
7.4574574574574575 -0.0038770394030002687 0.0009367163764122428 0.03400161190766497
7.4674674674674675 -0.0038659665818001295 0.001274902600328202 0.03356364184822184
7.4774774774774775 -0.003851530888967783 0.0016085750998205382 0.033099880659201546
7.4874874874874875 -0.0038337787878894415 0.0019374790628524361 0.03261100186209206
7.4974974974974975 -0.00381275925861078 0.002261366499354836 0.03209769483554207
7.5075075075075075 -0.003788523728767485 0.0025799963960715646 0.0315606640380895
7.5175175175175175 -0.0037611260030048278 0.0028931348635946766 0.03100062822508362
7.5275275275275275 -0.003730622190964757 0.0032005552755346965 0.0304183196605633
7.5375375375375375 -0.0036970706339194237 0.0035020383997802643 0.029814483324848012
7.5475475475475475 -0.0036605318301305865 0.00379737252180706 0.029189876118597725
7.5575575575575575 -0.0036210683590146074 0.004086353560004821 0.028545266064091215
7.5675675675675675 -0.0035787448041930668 0.004368785172998674 0.02788143150446757
7.5775775775775776 -0.0035336276755092507 0.004644478858947421 0.02719916030167175
7.587587587587588 -0.0034857853300908574 0.0049132540468098404 0.026499249033836922
7.597597597597598 -0.003435287892539313 0.005174938179577304 0.025782502192829966
7.607607607607608 -0.003382207174326145 0.0054293667894773166 0.02504973138268017
7.617617617617618 -0.0033266165924767097 0.005676383565160724 0.024301754519602394
7.627627627627628 -0.0032685910876213775 0.0059158404108923535 0.023539395034316454
7.637637637637638 -0.0032082070414941734 0.006147597497770954 0.022763481077357938
7.647647647647648 -0.003145542193958467 0.00637152330701213 0.021974844728063995
7.657657657657658 -0.003080675559638909 0.006587494665334727 0.021174321207907264
7.667667667667668 -0.003013687344238553 0.006795396772496773 0.020362748098843374
7.677677677677678 -0.0029446588606193364 0.006995123221035307 0.01954096456732191
7.687687687687688 -0.0028736724447237924 0.007186576008269317 0.018709810594603603
7.697697697697698 -0.002800811371415064 0.007369665540632306 0.017870126214011683
7.707707707707708 -0.002726159770311583 0.0075443106304072935 0.017022750755732566
7.717717717717718 -0.0026498025416921843 0.0077104384849422895 0.016168522099770995
7.727727727727728 -0.0025718252725464726 0.007867984688431168 0.015308275937648625
7.737737737737738 -0.0024923141528443195 0.008016893176350504 0.014442845043421365
7.747747747747748 -0.002411355892097679 0.00815711620264805 0.013573058554579394
7.757757757757758 -0.0023290376362867064 0.00828861429978481 0.01269974126337647
7.767767767767768 -0.002245446885221094 0.008411356231737898 0.011823712919120512
7.777777777777778 -0.0021606714104067436 0.008525318940076108 0.010945787541945305
7.787787787787788 -0.0020747991734862727 0.008630487483226115 0.010066772748562783
7.797797797797798 -0.0019879182453211293 0.008726854969051318 0.009187469090484571
7.807807807807808 -0.001900116725781536 0.008814422480870613 0.008308669405182281
7.817817817817818 -0.00181148266430919 0.008893198997049125 0.0074311581806395695
7.827827827827828 -0.0017221039813165452 0.008963201304296764 0.006555710933735415
7.837837837837838 -0.0016320683904848942 0.009024453904815424 0.005683093602878248
7.847847847847848 -0.0015414633220219973 0.00907698891743956 0.00481406195529387
7.857857857857858 -0.0014503758469388325 0.009120845972918559 0.003949361009355425
7.867867867867868 -0.0013588926024032581 0.009156072103493472 0.003089724472323729
7.877877877877878 -0.0012670997182268257 0.009182721626924219 0.002235874193848643
7.887887887887888 -0.0011750827445396878 0.009200856025126504 0.0013885196355673441
7.897897897897898 -0.0010829265807066526 0.009210543817581355 0.0005483573571147143
7.907907907907908 -0.0009907154055357789 0.009211860429683031 -0.00028392948115680536
7.917917917917918 -0.0008985326088295973 0.009204888056193896 -0.0011076715984650973
7.927927927927928 -0.0008064607243267681 0.009189715519977843 -0.0019222140566347405
7.937937937937938 -0.0007145813640808304 0.009166438126185993 -0.0027269167056351825
7.947947947947948 -0.0006229751543205824 0.009135157512071146 -0.003521154611395784
7.957957957957958 -0.0005317216728348576 0.00909598149260936 -0.004304318465690757
7.967967967967968 -0.0004408993879229613 0.009049023902109118 -0.005075814977902561
7.977977977977978 -0.00035058559894992215 0.008994404431990352 -0.005835067248493234
7.987987987987988 -0.0002608563785438869 0.008932248464917214 -0.006581515124031123
7.997997997997998 -0.0001717865164714193 0.008862686905469935 -0.007314615533636092
8.008008008008009 -8.344946522430849e-05 0.008785856007542324 -0.008033842806726947
8.018018018018019 4.082712650305149e-06 0.00870189719865268 -0.008738688971972169
8.028028028028029 9.07393954465035e-05 0.008610956901356511 -0.009428664037362222
8.038038038038039 0.00017645145139468324 0.008513186351950646 -0.010103296251338975
8.048048048048049 0.0002611512859292548 0.008408741416658294 -0.010762132344938365
8.058058058058059 0.0003447728871044343 0.008297782405485494 -0.011404737754915814
8.068068068068069 0.00042725186913587624 0.008180473883939327 -0.01203069682784419
8.078078078078079 0.0005085255140477881 0.008056984482798226 -0.012639613005191274
8.088088088088089 0.0005885328114067964 0.007927486706124856 -0.013231108989398343
8.098098098098099 0.0006672144961260174 0.00779215673771147 -0.013804826891000687
8.108108108108109 0.0007445130843246787 0.007651174246147164 -0.014360428356847437
8.118118118118119 0.0008203729072302615 0.007504722188696016 -0.014897594679492242
8.128128128128129 0.0008947401431122991 0.007352986614174157 -0.01541602688784495
8.138138138138139 0.0009675628472388341 0.007196156465012575 -0.015915445819190053
8.148148148148149 0.0010387909798480846 0.007034423378692038 -0.016395592172691036
8.158158158158159 0.001108376432130238 0.006867981488734292 -0.01685622654451914
8.168168168168169 0.0011762730502156162 0.006697027225433125 -0.01729712944475617
8.178178178178179 0.001242436657167618 0.006521759116506766 -0.017718101296238475
8.188188188188189 0.0013068250729806185 0.006342377587851344 -0.018118962415523483
8.198198198198199 0.0013693981325845872 0.0061590847645736834 -0.018499552976172947
8.208208208208209 0.0014301177018601716 0.005972084272479307 -0.018859732954562433
8.218218218218219 0.0014889476916697538 0.005781581040189204 -0.019199382058440358
8.228228228228229 0.0015458540699114826 0.005587781102057301 -0.019518399638471615
8.238238238238239 0.0016008048716052237 0.0053908914020574725 -0.01981670458301511
8.248248248248249 0.0016537702070210404 0.0051911195988064915 -0.0200942351963973
8.258258258258259 0.0017047222678622117 0.00498867387188721 -0.020350949060954315
8.268268268268269 0.0017536353315168302 0.00478376272963245 -0.02058682288312952
8.278278278278279 0.0018004857633932175 0.004576594818528245 -0.02080185232392256
8.288288288288289 0.001845252017356218 0.00436737873439131 -0.020996051813998603
8.298298298298299 0.0018879146342829505 0.004156322835472544 -0.02116945435377678
8.308308308308309 0.0019284562387579301 0.003943635057635647 -0.02132211129882661
8.318318318318319 0.0019668615339291165 0.003729522731756045 -0.02145409213091167
8.328328328328329 0.002003117294547886 0.003514192403481857 -0.021565484215029584
8.338338338338339 0.0020372123582171587 0.0032978496554956914 -0.021656392542805436
8.348348348348349 0.0020691376148734403 0.0030806989324118623 -0.02172693946260536
8.358358358358359 0.002098885994529878 0.0028629433684398656 -0.021777264396745315
8.368368368368369 0.002126452453308548 0.0026447846179417935 -0.021807523546177102
8.378378378378379 0.0021518339577916265 0.0024264226890069246 -0.021817889583041948
8.388388388388389 0.0021750294677222917 0.0022080557801626506 -0.021808551331488856
8.398398398398399 0.0021960399170872064 0.001989880120337866 -0.021779713437160935
8.408408408408409 0.002214868193613848 0.0017720898121894222 -0.021731596025759973
8.418418418418419 0.00223151911671677 0.0015548766788995411 -0.021664434351104385
8.428428428428429 0.002245999413928113 0.0013384301145470097 -0.02157847843310159
8.438438438438439 0.002258317695848662 0.0011229369381507432 -0.02147399268606054
8.448448448448449 0.0022684844296566166 0.0009085812514807391 -0.021351255537774307
8.458458458458459 0.002276511911212298 0.0006955443007263897 -0.021210559039807137
8.468468468468469 0.0022824142357978283 0.0004840043421078074 -0.021052208469423517
8.478478478478479 0.002286207267531638 0.0002741365115120623 -0.020876521923600178
8.488488488488489 0.0022879086074985076 6.61126982311327e-05 -0.020683829905564683
8.498498498498499 0.0022875375606365607 -0.00013989857712608627 -0.02047447490430634
8.508508508508509 0.002285115101423324 -0.0003437322804790014 -0.020248810967507427
8.518518518518519 0.002280663838403667 -0.0005452269778148854 -0.0200072032683436
8.528528528528529 0.0022742079776030015 -0.0007442249443630593 -0.01975002766660415
8.538538538538539 0.002265773284869725 -0.0009405722693493327 -0.019477670264582685
8.548548548548549 0.002255387047191407 -0.001134118956280833 -0.019190526958189253
8.558558558558559 0.0022430780330296818 -0.0013247190187152076 -0.01888900298373507
8.568568568568569 0.0022288764517192665 -0.0015122305714733593 -0.018573512460839985
8.578578578578579 0.0022128139119768956 -0.0016965159172593585 -0.018244477931911626
8.588588588588589 0.0021949233795663134 -0.00187744162865504 -0.01790232989864475
8.598598598598599 0.0021752391341657734 -0.0020548786254618993 -0.017547506355986384
8.608608608608609 0.0021537967254847126 -0.002228702247367351 -0.017180452324010685
8.618618618618619 0.002130632928676534 -0.0023987923219162223 -0.01680161937814523
8.62862862862863 0.0021057856990945503 -0.002565033227773397 -0.016411465178187052
8.63863863863864 0.0020792941264382637 -0.002727313953267869 -0.016010452996543186
8.64864864864865 0.0020511983883372852 -0.0028855281502120876 -0.015599051246128192
8.65865865865866 0.002021539703420152 -0.0030395741829959337 -0.015177733008345106
8.66866866866867 0.0019903602839153687 -0.0031893551729577554 -0.014746975561573984
8.67867867867868 0.001957703287831909 -0.0033347790380398585 -0.014307259910586168
8.68868868868869 0.0019236127707662949 -0.0034757585277399783 -0.013859070317297563
8.6986986986987 0.0018881336373833212 -0.0036122112533737974 -0.013402893833269742
8.70870870870871 0.001851311592617235 -0.0037440597136682444 -0.01293921983436123
8.71871871871872 0.0018131930926399752 -0.0038712313157092263 -0.012468539557925176
8.72872872872873 0.0017738252956428918 -0.003993658391270912 -0.01199134564294457
8.73873873873874 0.0017332560124779933 -0.00411127820855808 -0.011508131673488605
8.74874874874875 0.0016915336572044333 -0.004224032979396824 -0.011019391725866646
8.75875875875876 0.0016487071975856901 -0.004331869861912066 -0.01052561991985114
8.76876876876877 0.0016048261055823037 -0.00443474095873494 -0.010027309974330548
8.77877877877878 0.001559940307884775 -0.004532603310785742 -0.009524954767748698
8.78878878878879 0.0015141001365306388 -0.004625418886682291 -0.009019045903677211
8.7987987987988 0.001467356279649193 -0.004713154567826909 -0.008510073281859758
8.80880880880881 0.001419759732376947 -0.00479578212922818 -0.007998524675059916
8.81881881881882 0.0013713617479861372 -0.004873278216117362 -0.00748488531203451
8.82882882882883 0.0013222137892680609 -0.004945624316422431 -0.006969637466945627
8.83883883883884 0.0012723674802124477 -0.005012806729165539 -0.006453260055516954
8.84884884884885 0.001221874558023289 -0.005074816528852967 -0.005936228238229704
8.85885885885886 0.0011707868255108357 -0.00513164952592962 -0.0054190130308438295
8.86886886886887 0.0011191561038988815 -0.005183306223372534 -0.004902080922522627
8.87887887887888 0.0010670341860855488 -0.005229791769501009 -0.004385893501827522
8.88888888888889 0.0010144727903949931 -0.00527111590708349 -0.0038709070908400298
8.8988988988989 0.0009615235148568228 -0.005307292918823595 -0.0033575723876601484
8.90890890890891 0.0009082377920488883 -0.0053383415693105925 -0.002846334117517169
8.91891891891892 0.0008546668445385358 -0.005364285043521465 -0.002337630692722005
8.92892892892893 0.0008008616409563457 -0.005385150881964275 -0.0018318938816779282
8.93893893893894 0.0007468728527354575 -0.0054009709125545785 -0.0013295484871562711
8.94894894894895 0.0006927508115488317 -0.0054117811793185 -0.0008310120340349515
8.95895895895896 0.0006385454674756759 -0.005417621868018257 -0.0003366944666855446
8.96896896896897 0.0005843063479273041 -0.005418537228797547 0.00015300214381585317
8.97897897897898 0.0005300825173618735 -0.005414575495945964 0.0006376838824877058
8.98898898898899 0.00047592253781628065 -0.005405788804883235 0.0011169652630980407
8.998998998999 0.00042187443028247315 -0.00539223310646559 0.0015904694905320557
9.00900900900901 0.0003679856369546184 -0.005373968078717829 0.0020578287127375897
9.01901901901902 0.00031430298437219056 -0.0053510570360961315 0.002518684262127699
9.02902902902903 0.0002608726474833155 -0.0053235668363876346 0.002972686886326989
9.03903903903904 0.00020774011465143387 -0.005291567785354025 0.0034194969681611643
9.04904904904905 0.00015495015362726705 -0.005255133539227222 0.003858784734799743
9.05905905905906 0.00010254677850715435 -0.005214341005166189 0.004290230455971116
9.06906906906907 5.057321769756562e-05 -0.005169270239784591 0.004713524631181208
9.07907907907908 -9.281170955074185e-07 -0.005120004345859675 0.00512836816587755
9.08908908908909 -5.1915660834518244e-05 -0.0050666293673332745 0.005534472536509619
9.0990990990991 -0.00010234872405920843 -0.005009234182716317 0.00593155994444828
9.10910910910911 -0.0001521875207209585 -0.004947910397008438 0.006319363458737428
9.11911911911912 -0.0002013931949282328 -0.004882752232244644 0.006697627147659907
9.12912912912913 -0.00024992784658999146 -0.004813856416781039 0.007066106199111407
9.13913913913914 -0.0002977545559450671 -0.00474132207343154 0.007424567029786108
9.14914914914915 -0.000344837406966416 -0.004665250606567684 0.007772787383186239
9.15915915915916 -0.0003911415096306023 -0.004585745588293115 0.00811055641648025
9.16916916916917 -0.0004366330210436629 -0.004502912643804354 0.008437674776241426
9.17917917917918 -0.00048127916541582344 -0.004416859336048906 0.008753954663110141
9.18918918918919 -0.0005250482528786374 -0.0043276950497912635 0.009059219885432391
9.1991991991992 -0.0005679096971390685 -0.004235530875196962 0.009353305901935392
9.20920920920921 -0.0006098340319662951 -0.0041404794910440525 0.009636059853511517
9.21921921921922 -0.0006507929265080952 -0.004042655047670497 0.009907340584190846
9.22922922922923 -0.0006907591994346158 -0.003942173049765472 0.010167018651390454
9.23923923923924 -0.000729706831908546 -0.003839150239111337 0.010414976325538387
9.24924924924925 -0.0007676109793817827 -0.003733704477382013 0.010651107579178885
9.25925925925926 -0.0008044479822195508 -0.0036259546291027324 0.010875318065672436
9.26926926926927 -0.0008401953751542637 -0.0035160204448744245 0.011087525087614587
9.27927927927928 -0.0008748318955721614 -0.0034040224449652474 0.011287657555103336
9.28928928928929 -0.0009083374906369578 -0.0032900818033700986 0.011475655933994109
9.2992992992993 -0.0009406933232557238 -0.0031743202324374955 0.011651472184288776
9.30930930930931 -0.0009718817768930889 -0.0030568598681620252 0.011815069688811786
9.31931931931932 -0.001001886459240958 -0.002937823156238701 0.011966423172334519
9.32932932932933 -0.0010306922047518751 -0.0028173327389738813 0.012105518611315877
9.33933933933934 -0.001058285076045004 -0.002695511343146031 0.012232353134433192
9.34934934934935 -0.0010846523641947308 -0.0025724816689075246 0.012346934914084761
9.35935935935936 -0.00110978258791279 -0.0024483662798167882 0.012449283049051687
9.36936936936937 -0.0011336654916356006 -0.0023232874940885724 0.01253942743851195
9.37937937937938 -0.0011562920425294732 -0.00219736727714779 0.012617408647606392
9.38938938938939 -0.0011776544264271848 -0.0020707271355703324 0.01268327776476155
9.3993993993994 -0.001197746042710136 -0.0019434880124926852 0.012737096250979345
9.40940940940941 -0.001216561498151286 -0.0018157701845692468 0.012778935781309371
9.41941941941942 -0.0012340965997346682 -0.0016876931605548612 0.012808878078723796
9.42942942942943 -0.001250348346468166 -0.0015593755815873581 0.012827014740619884
9.43943943943944 -0.0012653149202069495 -0.0014309351232426194 0.012833447058179561
9.44944944944945 -0.001278995675505627 -0.0013024883994327608 0.012828285828819272
9.45945945945946 -0.001291391128517926 -0.0011741508682152962 0.012811651161967435
9.46946946946947 -0.0013025029449633804 -0.0010460367395787214 0.012783672278410723
9.47947947947948 -0.0013123339271810918 -0.0009182588852679574 0.012744487303453083
9.48948948948949 -0.0013208880002913 -0.0007909287507102003 0.012694243054135282
9.4994994994995 -0.0013281701974861132 -0.0006641562690992511 0.012633094820765108
9.50950950950951 -0.001334186644471224 -0.0005380497776943642 0.012561206143011245
9.51951951951952 -0.0013389445430811134 -0.0004127159363863302 0.01247874858081609
9.52952952952953 -0.0013424521540906396 -0.00028825964858172475 0.012385901480384928
9.53953953953954 -0.0013447187792464854 -0.00016478398445317122 0.0122828517355108
9.54954954954955 -0.0013457547425423807 -4.239010660086937e-05 0.012169793544495787
9.55955955955956 -0.001345571370762435 7.882280183157672e-05 0.012046928162931183
9.56956956956957 -0.0013441809733173602 0.00019875760654703014 0.011914463652599695
9.57957957957958 -0.0013415968213987513 0.00031731928895302437 0.011772614626763964
9.58958958958959 -0.0013378331264769234 0.00043441501045318927 0.011621601992106252
9.5995995995996 -0.0013329050181681763 0.000549954174139836 0.011461652687584506
9.60960960960961 -0.0013268285214976501 0.0006638484838582902 0.011292999420469931
9.61961961961962 -0.0013196205335842088 0.0007760120006158314 0.011115880399831624
9.62962962962963 -0.0013112987997740667 0.0008863611963111362 0.010930539067732841
9.63963963963964 -0.0013018818892500809 0.0009948150047627855 0.010737223828403244
9.64964964964965 -0.0012913891701438515 0.001101294870017542 0.01053618777565079
9.65965965965966 -0.00127984078417793 0.0012057247919225094 0.010327688418775325
9.66966966966967 -0.0012672576208656143 0.0013080313689471385 0.01011198740724543
9.67967967967968 -0.0012536612912958979 0.0014081438382441398 0.009889350254397973
9.68968968968969 -0.0012390741015312675 0.0015059941129409316 0.009660046060418237
9.6996996996997 -0.0012235190256460987 0.001601516816655462 0.00942434723485692
9.70970970970971 -0.0012070196784334623 0.0016946493152331745 0.009182529218937816
9.71971971971972 -0.0011896002878081415 0.0017853317457043767 0.008934870207907472
9.72972972972973 -0.0011712856669337038 0.001873507042463471 0.008681650873676295
9.73973973973974 -0.0011521011861014077 0.001959120960674307 0.008423154087997136
9.74974974974975 -0.001132072744388663 0.002042122096908369 0.008159664646424506
9.75975975975976 -0.0011112267411247392 0.0021224619070245344 0.007891468993295164
9.76976976976977 -0.0010895900471912317 0.002200094721302155 0.007618854947966347
9.77977977977978 -0.0010671899761847542 0.0022749777568409333 0.007342111432545597
9.78978978978979 -0.001044054255469122 0.002347071127243808 0.007061528201341732
9.7997997997998 -0.0010202109971441137 0.002416337849601283 0.006777395572262611
9.80980980980981 -0.000995688668957761 0.002482743848797633 0.006490004160382126
9.81981981981982 -0.0009705160651888426 0.00254625795916187 0.006199644613893905
9.82982982982983 -0.0009447222775260177 0.0026068519234885394 0.005906607352664924
9.83983983983984 -0.0009183366659698333 0.002664500389455225 0.005611182309598522
9.84984984984985 -0.0008913888297835037 0.0027191809034660197 0.005313658675011002
9.85985985985986 -0.0008639085785180464 0.002770873901952198 0.005014324644221028
9.86986986986987 -0.0008359259031371107 0.0028195627001630667 0.004713467168547322
9.87987987987988 -0.0008074709472664274 0.0028652334784821667 0.00441137170990397
9.88988988988989 -0.0007785739785924372 0.0029078752663058123 0.004108321999177795
9.8998998998999 -0.0007492653604343779 0.002947479923522566 0.0038045997985678734
9.90990990990991 -0.0007195755235135577 0.0029840421196343867 0.0035004846680603903
9.91991991991992 -0.0006895349379432823 0.003017559310561525 0.003196253736208158
9.92992992992993 -0.0006591740854623776 0.003048031713175152 0.0028921814753776107
9.93993993993994 -0.0006285234319347954 0.003075462277603276 0.0025885394816203265
9.94994994994995 -0.0005976134001374152 0.0030998566573569018 0.002285596259321429
9.95995995995996 -0.0005664743428575903 0.003121223177325041 0.0019836170107704197
9.96996996996997 -0.0005351365163214952 0.003139572799688585 0.0016828634307942004
9.97997997997998 -0.0005036300539739057 0.0031549190878043154 0.0013835935065869328
9.98998998998999 -0.00047198494062944234 0.003167278168111758 0.0010860613228645243
10.0 -0.0004402309870147625 0.003176668690116818 0.0007905168724654164
