printDict{
    @t         [s]
    @xBlock    [mm]
    @vBlock    [mm/s]
    @aBlock    [mm/s^2]
}
$t:s:Time$xBlock:mm:Position of block$vBlock:mm/s:Velocity of block$aBlock:mm/s^2:Acceleration of block
0.0 0.16 0.0 -1.4400000000000002
0.01001001001001001 0.1599302091534615 -0.013714392699519934 -1.3022279553859546
0.02002002002002002 0.1597298344664672 -0.02611067833338765 -1.1764617268643285
0.03003003003003003 0.1594114863973014 -0.03730377384802064 -1.0616656390955066
0.04004004004004004 0.1589866754480108 -0.047398682412283955 -0.9568932549092578
0.050050050050050046 0.15846590706186314 -0.05649134763576598 -0.8612796871991086
0.06006006006006006 0.15785876834393675 -0.0646694341938256 -0.7740345731571748
0.07007007007007007 0.15717400730930053 -0.07201304119956503 -0.6944356537880545
0.08008008008008008 0.15641960530255522 -0.07859535411667132 -0.621822906556284
0.09009009009009009 0.15560284317704315 -0.08448324050791409 -0.5555931835142475
0.10010010010010009 0.15473036177135174 -0.08973779445793532 -0.4951953113628125
0.11011011011011011 0.15380821717441837 -0.09441483409211252 -0.4401256136486402
0.12012012012012012 0.15284193122821707 -0.0985653562323354 -0.3899238187305998
0.13013013013013014 0.15183653767832728 -0.10223595188241208 -0.34416932028082475
0.14014014014014015 0.1507966243473377 -0.1054691859176907 -0.3024777599491323
0.15015015015015015 0.1497263716737342 -0.10830394406275543 -0.2644979044360535
0.16016016016016016 0.14862958792940242 -0.11077574997538023 -0.2299087916108197
0.17017017017017017 0.14750974140189788 -0.1129170550121319 -0.19841712249576202
0.18018018018018017 0.1463699898029842 -0.11475750302914178 -0.16975487793544006
0.19019019019019018 0.14521320714241223 -0.11632417236880724 -0.14367714059363773
0.20020020020020018 0.14404200828532346 -0.11764179699789244 -0.11996010458898676
0.21021021021021022 0.14285877139284822 -0.11873296859317142 -0.09839925660391996
0.22022022022022023 0.14166565842827522 -0.11961832121601562 -0.07880771369432074
0.23023023023023023 0.14046463389545713 -0.12031670007592024 -0.061014704299911876
0.24024024024024024 0.13925748196175844 -0.12084531575373614 -0.04486418011846466
0.2502502502502503 0.13804582210473024 -0.12121988513728241 -0.030213547569748228
0.2602602602602603 0.1368311234097056 -0.12145476021409343 -0.016932508546415953
0.2702702702702703 0.1356147176345512 -0.1215630457674339 -0.004902001036621889
0.2802802802802803 0.13439781114779742 -0.12155670693158843 0.005986768985707491
0.2902902902902903 0.13318149583721645 -0.12144666748007177 0.015833212265769586
0.3003003003003003 0.13196675907755714 -0.12124289964513979 0.024728164753383616
0.3103103103103103 0.13075449283850113 -0.12095450619819985 0.03275462643548828
0.3203203203203203 0.12954550200692208 -0.12058979545786351 0.03998843651633632
0.3303303303303303 0.12834051199114657 -0.12015634983494336 0.04649889042911459
0.34034034034034033 0.12714017566908353 -0.11966108847120414 0.0523493036902897
0.35035035035035034 0.12594507973675917 -0.1191103244807082 0.05759752717624941
0.36036036036036034 0.1247557505089221 -0.11850981725875734 0.062296418007274465
0.37037037037037035 0.1235726592189346 -0.11786482028337421 0.06649426986333073
0.38038038038038036 0.12239622686109594 -0.11718012479765495 0.07023520622668603
0.39039039039039036 0.12122682861482817 -0.1164600997278712 0.07355953974525856
0.40040040040040037 0.12006479788675654 -0.1157087281616253 0.07650410063544402
0.41041041041041043 0.11891043000361318 -0.11492964068242341 0.0791025367917155
0.42042042042042044 0.11776398558605529 -0.1141261458314997 0.08138558804049943
0.43043043043043044 0.11662569363089692 -0.11330125794439098 0.08338133676583746
0.44044044044044045 0.1154957543268839 -0.11245772258843961 0.08511543694244098
0.45045045045045046 0.11437434162697681 -0.11159803980791669 0.08661132343637559
0.46046046046046046 0.11326160559812798 -0.11072448536565024 0.08789040327335056
0.47047047047047047 0.1121576745677309 -0.10983913015377123 0.0889722304281342
0.4804804804804805 0.11106265708426748 -0.10894385793131849 0.08987466555477756
0.4904904904904905 0.1099766437081693 -0.10804038153285457 0.09061402195502201
0.5005005005005005 0.10889970864752886 -0.10713025767982556 0.09120519897049587
0.5105105105105106 0.10783191125203537 -0.10621490051504814 0.09166180388216316
0.5205205205205206 0.10677329737735819 -0.1052955939703371 0.09199626330714719
0.5305305305305306 0.10572390063114746 -0.10437350306780771 0.09221992499774988
0.5405405405405406 0.10468374351085852 -0.10344968424672642 0.09234315086953751
0.5505505505505506 0.10365283844272871 -0.10252509479986856 0.09237540201412713
0.5605605605605606 0.10263118873042994 -0.1016006014961078 0.09232531638720866
0.5705705705705706 0.10161878942118703 -0.10067698845935315 0.0922007798028483
0.5805805805805806 0.10061562809648014 -0.09975496436790735 0.0920089908107522
0.5905905905905906 0.09962168559383652 -0.09883516903280175 0.09175651998348873
0.6006006006006006 0.098636936665656 -0.09791817940861695 0.09144936409526559
0.6106106106106106 0.09766135058050282 -0.09700451508568933 0.09109299563236789
0.6206206206206206 0.09669489167182811 -0.09609464330839008 0.09069240803744788
0.6306306306306306 0.09573751983865929 -0.09518898356031408 0.09025215705520724
0.6406406406406406 0.0947891910024026 -0.09428791175369729 0.08977639851534944
0.6506506506506506 0.09384985752354656 -0.09339176405716615 0.08926892285974242
0.6606606606606606 0.09291946858172873 -0.0925008403929848 0.08873318669428944
0.6706706706706707 0.0919979705223294 -0.09161540763228047 0.08817234162184014
0.6806806806806807 0.09108530717248295 -0.09073570251427368 0.08758926059039025
0.6906906906906907 0.09018142012914916 -0.0898619343132981 0.08698656197063856
0.7007007007007007 0.08928624902165837 -0.08899428727534514 0.08636663155852609
0.7107107107107107 0.0883997317509367 -0.08813292284399603 0.08573164268153
0.7207207207207207 0.0875218047074276 -0.08727798169389313 0.08508357457208299
0.7307307307307307 0.08665240296955151 -0.08642958558833776 0.0844242291574139
0.7407407407407407 0.08579146048438777 -0.0855878390761734 0.08375524640224408
0.7507507507507507 0.0849389102321164 -0.08475283104180661 0.08307811832901857
0.7607607607607607 0.08409468437562626 -0.0839246361210248 0.08239420182961167
0.7707707707707707 0.08325871439657366 -0.08310331599417917 0.08170473037262867
0.7807807807807807 0.08243093121906571 -0.08228892056730476 0.08101082470145633
0.7907907907907907 0.08161126532204054 -0.08148148905083814 0.08031350261001667
0.8008008008008007 0.08079964684132529 -0.08068105094476151 0.07961368787568748
0.8108108108108109 0.07999600566226692 -0.07988762693824092 0.07891221842200688
0.8208208208208209 0.0792002715037547 -0.07910122973113158 0.07820985377752354
0.8308308308308309 0.07841237399438204 -0.07832186478408745 0.07750728189143614
0.8408408408408409 0.07763224274143125 -0.07754953100343234 0.07680512536144218
0.8508508508508509 0.07685980739330547 -0.076784221366419 0.07610394712444081
0.8608608608608609 0.07609499769597851 -0.0760259234920178 0.07540425565637138
0.8708708708708709 0.07533774354398398 -0.07527462016193384 0.07470650972348261
0.8808808808808809 0.07458797502642005 -0.07453028979614633 0.07401112272368288
0.8908908908908909 0.07384562246840508 -0.0737929068868938 0.07331846665329225
0.9009009009009009 0.07311061646838211 -0.07306244239469138 0.07262887573147483
0.9109109109109109 0.07238288793163532 -0.07233886410965655 0.07194264971184768
0.9209209209209209 0.07166236810035068 -0.07162213698113788 0.07126005690822268
0.9309309309309309 0.07094898858052412 -0.07091222341838316 0.07058133695911442
0.9409409409409409 0.07024268136599457 -0.07020908356474767 0.0699067033535256
0.950950950950951 0.06954337885985475 -0.06951267554772741 0.06923634573858146
0.960960960960961 0.06885101389347152 -0.06882295570690566 0.06857043202781293
0.970970970970971 0.06816551974332698 -0.06813987880172108 0.06790911032726799
0.980980980980981 0.06748683014587344 -0.06746339820080123 0.06725251069515129
0.990990990990991 0.06681487931057858 -0.0667934660544546 0.06660074674933872
1.001001001001001 0.06614960193132238 -0.06613003345177797 0.06595391713587825
1.011011011011011 0.06549093319629265 -0.06547305056370922 0.06531210687045835
1.021021021021021 0.06483880879651381 -0.06482246677324173 0.06467538856379307
1.031031031031031 0.0641931649331319 -0.06417823079391169 0.06404382354092968
1.0410410410410411 0.06355393832356791 -0.06354029077757341 0.0634174628636228
1.0510510510510511 0.06292106620664191 -0.06290859441239079 0.06279634826413065
1.0610610610610611 0.06229448634676181 -0.0622830890118926 0.06218051299806969
1.0710710710710711 0.06167413703726205 -0.06166372159586642 0.06156998262330575
1.0810810810810811 0.0610599571029705 -0.06105043896379931 0.06096477571125861
1.0910910910910911 0.06045188590207466 -0.06044318776151193 0.06036490449644731
1.1011011011011012 0.05984986332735259 -0.05984191454157752 0.05977037546960188
1.1111111111111112 0.05925382980682775 -0.059246565818065755 0.059181189919207774
1.1211211211211212 0.05866372630390226 -0.05865708811610508 0.05859734442593052
1.1311311311311312 0.05807949431701804 -0.058073428016714675 0.058018831313984394
1.1411411411411412 0.05750107587889114 -0.05749553219731794 0.057445639063159186
1.1511511511511512 0.056928413555360526 -0.056923347468314366 0.05687775268489894
1.1611611611611612 0.05636145044388915 -0.05635682080605364 0.05631515406553409
1.1711711711711712 0.05580013017175147 -0.055795899382526444 0.05575782227950119
1.1811811811811812 0.0552443968939392 -0.055240530592059314 0.05520573387514033
1.1911911911911912 0.05469419529081352 -0.05469066207527586 0.05465886313543695
1.2012012012012012 0.05414947056553028 -0.054146241740564365 0.054117182315871135
1.2112112112112112 0.05361016844126176 -0.05360721778327065 0.05358066186135064
1.2212212212212212 0.053076235158236944 -0.05307353870281665 0.05304927060403401
1.2312312312312312 0.05254761747061991 -0.05254515331792735 0.052522975943694296
1.2412412412412412 0.05202426264324474 -0.052022010780133424 0.05200174401213161
1.2512512512512513 0.05150611844822313 -0.05150406058570211 0.05148553982301293
1.2612612612612613 0.05099313316143985 -0.050991252586135724 0.05097432740839855
1.2712712712712713 0.05048525555894987 -0.05048353699736552 0.05046806994310635
1.2812812812812813 0.049982434913289346 -0.04998086440775695 0.049966729857965436
1.2912912912912913 0.04948462098971204 -0.04948318578503289 0.049470268942920545
1.3013013013013013 0.04899176404236147 -0.048990452482211844 0.0489786484408652
1.3113113113113113 0.04850381481038813 -0.04850261624264997 0.04849182913300649
1.3213213213213213 0.04802072451402043 -0.04801962920426786 0.04800977141649474
1.3313313313313313 0.047542444850597027 -0.04754144390303614 0.04753243537498816
1.3413413413413413 0.04706892799056778 -0.04706801327578751 0.04705978084276512
1.3513513513513513 0.046600126573469534 -0.046599290662416915 0.046591767462943336
1.3613613613613613 0.04613599370388292 -0.04613522980752641 0.04612835474031782
1.3713713713713713 0.04567648294737499 -0.045675784861565906 0.04566950208928416
1.3813813813813813 0.04522154832643298 -0.04522091038151717 0.04521516887727486
1.3913913913913913 0.0447711443163932 -0.044770561331163715 0.044765314464098316
1.4014014014014013 0.0443252258413692 -0.04432469308098601 0.044319898237537306
1.4114114114114114 0.04388374827018264 -0.04388326140771762 0.0438788796455325
1.4214214214214214 0.04344666741230024 -0.043446222493595095 0.04344221822524881
1.4314314314314314 0.0430139395137796 -0.043013532925331305 0.0430098736292966
1.4414414414414414 0.0425855212532266 -0.042585149692839545 0.04258180564935604
1.4514514514514514 0.04216136973776663 -0.04216103018773316 0.042157974237431915
1.4614614614614614 0.04174144249903199 -0.04174113220162342 0.04173833952494631
1.4714714714714714 0.04132569748916717 -0.04132541392423631 0.04132286183985858
1.4814814814814814 0.04091409307685379 -0.04091383394136702 0.04091150172198609
1.4914914914914914 0.040506588043356884 -0.040506351232689565 0.04050421993668374
1.5015015015015014 0.040103141578593564 -0.0401029251694369 0.040100977487026915
1.5115115115115114 0.039703713277225695 -0.03970351551196613 0.03970173562463008
1.5215215215215214 0.03930826313477733 -0.03930808240722175 0.03930645585922152
1.5315315315315314 0.03891675154377807 -0.038916586386108724 0.03891509996708463
1.5415415415415414 0.03852913928993307 -0.0385289883607864 0.038527629998466394
1.5515515515515514 0.038145387548320524 -0.03814524962189298 0.03814400828404511
1.5615615615615615 0.03776545787961728 -0.037765331835709695 0.03776419744054143
1.5715715715715715 0.037389312226352965 -0.03738919704127261 0.03738816037554943
1.5815815815815815 0.037016912909193476 -0.037016807647439934 0.03701586029165803
1.5915915915915915 0.03664822262325378 -0.03664812642992106 0.03664726068992654
1.6016016016016015 0.03628320443444083 -0.03628311652827407 0.03628232537277322
1.6116116116116117 0.035921821775826465 -0.03592174144287681 0.035921018446329944
1.6216216216216217 0.035564038444050976 -0.035563965031877094 0.03556330432231213
1.6316316316316317 0.035209818595757086 -0.0352097515081262 0.0352091477194482
1.6416416416416417 0.034859126744054766 -0.03485906543610024 0.0348585136645095
1.6516516516516517 0.03451192775501693 -0.03451187172881301 0.034511367492977785
1.6616616616616617 0.03416818684420604 -0.03416813564472386 0.03416767484938428
1.6716716716716717 0.03382786957323167 -0.033827822784643614 0.03382740168735114
1.6816816816816818 0.03349094184633906 -0.033490899088641536 0.03349051426936388
1.6916916916916918 0.03315736990702859 -0.03315733083295576 0.033156979166300324
1.7017017017017018 0.03282712033470618 -0.03282708462690955 0.032826763256739895
1.7117117117117118 0.03250016004136449 -0.0325001274098355 0.03249983372607463
1.7217217217217218 0.03217645626829488 -0.032176426448009554 0.03217615806544158
1.7317317317317318 0.031855976582830035 -0.031855949331596495 0.031855704070494636
1.7417417417417418 0.031538688875117 -0.0315386639716085 0.031538439840031914
1.7517517517517518 0.031224561354920743 -0.03122453859687806 0.031224333774493917
1.7617617617617618 0.030913562548457767 -0.03091354175104657 0.030913354574345787
1.7717717717717718 0.030605661295259955 -0.03060564228956959 0.0306054712383563
1.7817817817817818 0.03030082674506815 -0.03030080937673981 0.03030065306178477
1.7917917917917918 0.029999028354755583 -0.029999012482728654 0.029998869634486308
1.8018018018018018 0.029700235885280694 -0.029700221380647096 0.029700090838944697
1.8118118118118118 0.029404419398669362 -0.029404406143626587 0.029404286848241604
1.8218218218218218 0.02911154925502622 -0.029111537141920583 0.029111428123969867
1.8318318318318318 0.028821596109574858 -0.02882158504002717 0.02882148541409797
1.8418418418418419 0.02853453090972677 -0.028534520793833312 0.0285344297507922
1.8518518518518519 0.02825032489217874 -0.02825031564778111 0.02825023244820243
1.8618618618618619 0.02796894958003848 -0.027968941132056307 0.027968865100216775
1.8718718718718719 0.02769037677997832 -0.027690369059799505 0.027690299578190167
1.8818818818818819 0.0274145785794167 -0.027414571524340146 0.027414508028651162
1.8918918918918919 0.027141527343727215 -0.027141520896453598 0.02714146287099106
1.901901901901902 0.026871195713474995 -0.026871189821641397 0.02687113679513902
1.911911911911912 0.026603556601680244 -0.026603551217434872 0.026603502759226506
1.921921921921922 0.026338583191108586 -0.026338578270722127 0.026338533987244
1.931931931931932 0.02607624893158809 -0.02607624443509857 0.026076203966692885
1.941941941941942 0.025816527537352692 -0.025816523428240902 0.025816486446234792
1.951951951951952 0.025559392984411795 -0.0255593892293047 0.025559355433340838
1.961961961961962 0.025304819507945754 -0.02530481607634544 0.02530478519194264
1.971971971971972 0.02505278159972714 -0.025052778463763133 0.025052750240087057
1.981981981981982 0.024803254005567404 -0.02480325113977029 0.02480322534759629
1.991991991991992 0.02455621172278876 -0.024556209103883356 0.02455618553373473
2.002002002002002 0.024311629997721115 -0.02431162760443742 0.024311606064884136
2.012012012012012 0.024069484323223766 -0.024069482136124202 0.024069462452228147
2.022022022022022 0.02382975043623151 -0.023829748437553082 0.02382973044944725
2.032032032032032 0.023592404315325194 -0.023592402488835207 0.023592386050425327
2.042042042042042 0.023357422178326294 -0.023357420509190513 0.023357405486968505
2.052052052052052 0.023124780479915244 -0.02312477895457743 0.02312476522653708
2.062062062062062 0.022894455909273536 -0.022894454515345324 0.022894441969991398
2.0720720720720722 0.02266642538774905 -0.022666424113909348 0.022666412649352055
2.0820820820820822 0.022440666066544646 -0.0224406649024477 0.022440654425575166
2.0920920920920922 0.022217155324429687 -0.022217154260621024 0.02221714468634308
2.1021021021021022 0.021995870765474202 -0.021995869793313878 0.02199586104387096
2.1121121121121122 0.021776790216805675 -0.021776789328398077 0.021776781332729707
2.1221221221221223 0.02155989172638799 -0.021559890914517727 0.021559883607685355
2.1321321321321323 0.02134515356082252 -0.02134515281889581 0.021345146141555433
2.1421421421421423 0.021132554203171037 -0.021132553525162166 0.02113254742308232
2.1521521521521523 0.020922072350800246 -0.020922071731202616 0.02092206615482395
2.1621621621621623 0.020713686913247775 -0.02071368634702919 0.020713681251061943
2.1721721721721723 0.020507377010109355 -0.02050737649267115 0.020507371835727328
2.1821821821821823 0.020303121968947013 -0.020303121496086707 0.020303117240343935
2.1921921921921923 0.020100901323218068 -0.020100900891095216 0.020100897001989568
2.2022022022022023 0.01990069481022472 -0.01990069441532975 0.019900690861275015
2.2122122122122123 0.019702482369084052 -0.019702482008209735 0.01970247876034089
2.2222222222222223 0.01950624413871818 -0.0195062438089336 0.019506240840872383
2.2322322322322323 0.01931196045586447 -0.01931196015449121 0.019311957442131874
2.2422422422422423 0.019119611853105463 -0.019119611577695855 0.019119609099009387
2.2522522522522523 0.018929179056918485 -0.01892917880523573 0.018929176540090943
2.2622622622622623 0.018740642985744606 -0.018740642755744608 0.018740640685744644
2.2722722722722724 0.01855398474807686 -0.018553984537891626 0.018553982646224536
2.2822822822822824 0.018369185640567456 -0.018369185448489922 0.01836918371979212
2.2922922922922924 0.018186227146153842 -0.018186226970624008 0.018186225390855505
2.3023023023023024 0.018005090932203437 -0.0180050907717957 0.018005089328126066
2.3123123123123124 0.0178257588486768 -0.017825758702088374 0.017825757382792535
2.3223223223223224 0.0176482129263091 -0.017648212792349436 0.017648211586712443
2.3323323323323324 0.0174724353748097 -0.01747243525239081 0.01747243415062083
2.3423423423423424 0.017298408581079627 -0.017298408469207268 0.017298407462356037
2.3523523523523524 0.01712611510744686 -0.017126115005212432 0.01712611408510259
2.3623623623623624 0.016955537689919076 -0.016955537596492265 0.016955536755650938
2.3723723723723724 0.01678665923645392 -0.016786659151075935 0.016786658382674055
2.3823823823823824 0.016619462825246397 -0.016619462747223823 0.016619462045020645
2.3923923923923924 0.01645393170303336 -0.01645393163173252 0.016453930990024953
2.4024024024024024 0.016290049283414886 -0.016290049218256695 0.01629004863183297
2.4124124124124124 0.016127799145192336 -0.016127799085647595 0.016127798549744946
2.4224224224224224 0.015967165030723002 -0.01596716497630811 0.015967164486574092
2.4324324324324325 0.015808130844291102 -0.015808130794564116 0.01580813034702124
2.4424424424424425 0.01565068065049502 -0.01565068060505207 0.01565068019606553
2.4524524524524525 0.0154947986726506 -0.015494798631122615 0.015494798257370733
2.4624624624624625 0.015340469291210345 -0.015340469253260042 0.015340468911707315
2.4724724724724725 0.015187677042198328 -0.015187677007517487 0.01518767669538992
2.4824824824824825 0.015036406615660743 -0.015036406583967698 0.015036406298730277
2.4924924924924925 0.014886642854131844 -0.014886642825169188 0.0148866425645053
2.5025025025025025 0.014738370751115165 -0.014738370724647678 0.014738370486440281
2.5125125125125125 0.014591575449579893 -0.014591575425392609 0.014591575207707052
2.5225225225225225 0.014446242240472177 -0.014446242218368656 0.01444624201943696
2.5325325325325325 0.014302356561241306 -0.014302356541042028 0.014302356359248525
2.5425425425425425 0.014159903994380515 -0.014159903975921427 0.014159903809789645
2.5525525525525525 0.014018870265982373 -0.014018870249113557 0.014018870097294217
2.5625625625625625 0.01387924124430852 -0.013879241228892973 0.013879241090153044
2.5725725725725725 0.013741002938373674 -0.013741002924286193 0.01374100279749887
2.5825825825825826 0.013604141496543725 -0.013604141483669896 0.013604141367805446
2.5925925925925926 0.013468643205147795 -0.013468643193383062 0.013468643087500466
2.6026026026026026 0.013334494487104125 -0.013334494476352939 0.013334494379592249
2.6126126126126126 0.013201681900559651 -0.01320168189073469 0.013201681802310046
2.6226226226226226 0.013070192137543107 -0.013070192128564577 0.013070192047757818
2.6326326326326326 0.012940012022631573 -0.012940012014426554 0.01294001194058139
2.6426426426426426 0.012811128511630287 -0.012811128504132139 0.01281112843664882
2.6526526526526526 0.012683528690265603 -0.01268352868341343 0.012683528621743876
2.6626626626626626 0.012557199772890978 -0.012557199766629128 0.012557199710272478
2.6726726726726726 0.01243212910120584 -0.012432129095483456 0.012432129043981995
2.6826826826826826 0.012308304142987208 -0.012308304137757815 0.012308304090693263
2.6926926926926926 0.012185712490833967 -0.01218571248605509 0.012185712443045204
2.7027027027027026 0.012064341860923623 -0.012064341856556453 0.012064341817251918
2.7127127127127126 0.011944180091781467 -0.011944180087790532 0.011944180051872129
2.7227227227227226 0.011825215143061974 -0.011825215139414863 0.011825215106590872
2.7327327327327327 0.011707435094342357 -0.011707435091009449 0.011707435061013282
2.7427427427427427 0.011590828143928119 -0.011590828140882345 0.011590828113470382
2.7527527527527527 0.01147538260767053 -0.011475382604887152 0.011475382579836761
2.7627627627627627 0.011361086917795842 -0.011361086915252257 0.011361086892359986
2.7727727727727727 0.011247929621746219 -0.011247929619421766 0.01124792959850169
2.7827827827827827 0.011135899381032136 -0.011135899378907937 0.01113589935979015
2.7927927927927927 0.011024984970096295 -0.011024984968155098 0.01102498495068433
2.8028028028028027 0.010915175275188782 -0.010915175273414821 0.010915175257449181
2.8128128128128127 0.010806459293253473 -0.010806459291632342 0.01080645927704216
2.8228228228228227 0.010698826130825513 -0.010698826129344044 0.010698826116010822
2.8328328328328327 0.01059226500293978 -0.010592265001585941 0.010592264989401391
2.8428428428428427 0.010486765232050218 -0.010486765230813013 0.010486765219678177
2.8528528528528527 0.010382316246959941 -0.010382316245829325 0.010382316235653766
2.8628628628628627 0.010278907581761983 -0.01027890758072877 0.010278907571429848
2.8728728728728727 0.010176528874790602 -0.0101765288738464 0.010176528865348592
2.8828828828828827 0.010075169867583042 -0.010075169866720184 0.010075169858954472
2.8928928928928928 0.009974820403851604 -0.009974820403063083 0.009974820395966396
2.9029029029029028 0.009875470428465991 -0.009875470427745402 0.009875470421260102
2.9129129129129128 0.009777109986445773 -0.009777109985787265 0.00977710997986068
2.9229229229229228 0.009679729221962877 -0.0096797292213611 0.009679729215945097
2.932932932932933 0.009583318377354029 -0.009583318376804095 0.009583318371854688
2.942942942942943 0.009487867792143022 -0.009487867791640466 0.009487867787117455
2.952952952952953 0.009393367902072734 -0.009393367901613473 0.009393367897480125
2.962962962962963 0.009299809238146767 -0.009299809237727072 0.009299809233949817
2.972972972972973 0.009207182425680653 -0.009207182425297116 0.009207182421845275
2.982982982982983 0.009115478183362495 -0.009115478183012 0.00911547817985754
2.992992992992993 0.009024687322322972 -0.009024687322002673 0.009024687319119972
3.003003003003003 0.0089348007452146 -0.008934800744921895 0.008934800742287542
3.013013013013013 0.008845809445300173 -0.008845809445032686 0.008845809442625285
3.023023023023023 0.008757704505550275 -0.00875770450530583 0.008757704503105831
3.033033033033033 0.008670477097749783 -0.0086704770975264 0.008670477095515931
3.043043043043043 0.008584118481613277 -0.008584118481409136 0.008584118479571873
3.053053053053053 0.008498620003909234 -0.008498620003722682 0.0084986200020437
3.063063063063063 0.008413973097592996 -0.008413973097422514 0.00841397309588818
3.073073073073073 0.00833016928094831 -0.008330169280792514 0.008330169279390365
3.083083083083083 0.008247200156737475 -0.008247200156595103 0.00824720015531375
3.093093093093093 0.008165057411359913 -0.008165057411229805 0.008165057410058843
3.103103103103103 0.008083732814019149 -0.00808373281390025 0.008083732812830167
3.113113113113113 0.00800321821589807 -0.008003218215789414 0.00800321821481152
3.123123123123123 0.007923505549342397 -0.007923505549243103 0.007923505548349455
3.133133133133133 0.007844586827052318 -0.007844586826961578 0.007844586826144919
3.143143143143143 0.0077664541412821265 -0.007766454141199203 0.007766454140452901
3.153153153153153 0.007689099663047876 -0.007689099662972097 0.0076890996622900895
3.163163163163163 0.007612515641342893 -0.007612515641273643 0.007612515640650391
3.173173173173173 0.007536694402361132 -0.007536694402297848 0.0075366944017282896
3.183183183183183 0.007461628348728234 -0.007461628348670402 0.007461628348149912
3.193193193193193 0.007387309958740279 -0.007387309958687429 0.007387309958211779
3.203203203203203 0.007313731785610085 -0.007313731785561788 0.0073137317851271165
3.2132132132132134 0.007240886456721044 -0.007240886456676908 0.007240886456279684
3.2232232232232234 0.0071687666728883805 -0.007168766672848047 0.007168766672485044
3.2332332332332334 0.007097365207627748 -0.007097365207590889 0.007097365207259159
3.2432432432432434 0.007026674906431144 -0.00702667490639746 0.007026674906094309
3.2532532532532534 0.006956688686050009 -0.0069566886860192275 0.006956688685742194
3.2632632632632634 0.006887399533785487 -0.0068873995337573575 0.00688739953350419
3.2732732732732734 0.006818800506785733 -0.006818800506760027 0.00681880050652867
3.2832832832832834 0.006750884731350244 -0.006750884731326752 0.0067508847311153275
3.2932932932932935 0.006683645402241097 -0.006683645402219629 0.006683645402026419
3.3033033033033035 0.006617075782001062 -0.006617075781981443 0.006617075781804879
3.3133133133133135 0.006551169200278496 -0.006551169200260568 0.006551169200099214
3.3233233233233235 0.006485919053158974 -0.006485919053142591 0.0064859190529951375
3.3333333333333335 0.006421318802503559 -0.006421318802488587 0.0064213188023538375
3.3433433433433435 0.006357361975293682 -0.006357361975280001 0.0063573619751568595
3.3533533533533535 0.006294042162982534 -0.00629404216297003 0.006294042162857499
3.3633633633633635 0.006231353020852924 -0.006231353020841498 0.00623135302073866
3.3733733733733735 0.006169288267381528 -0.0061692882673710855 0.006169288267277108
3.3833833833833835 0.006107841683609477 -0.006107841683599935 0.006107841683514053
3.3933933933933935 0.006047007112519208 -0.006047007112510487 0.006047007112432005
3.4034034034034035 0.005986778458417526 -0.005986778458409557 0.0059867784583378355
3.4134134134134135 0.005927149686324805 -0.005927149686317522 0.00592714968625198
3.4234234234234235 0.005868114821370281 -0.005868114821363625 0.00586811482130373
3.4334334334334335 0.005809667948193356 -0.0058096679481872745 0.005809667948132539
3.4434434434434436 0.005751803210350882 -0.005751803210345324 0.005751803210295304
3.4534534534534536 0.00569451480973033 -0.005694514809725251 0.00569451480967954
3.4634634634634636 0.005637797005968817 -0.005637797005964176 0.005637797005922403
3.4734734734734736 0.005581644115877915 -0.005581644115873674 0.005581644115835499
3.4834834834834836 0.005526050512874185 -0.005526050512870309 0.005526050512835424
3.4934934934934936 0.005471010626415395 -0.005471010626411853 0.005471010626379973
3.5035035035035036 0.005416518941442334 -0.005416518941439097 0.005416518941409964
3.5135135135135136 0.00536256999782621 -0.005362569997823251 0.005362569997796628
3.5235235235235236 0.005309158389821526 -0.0053091583898188235 0.005309158389794493
3.5335335335335336 0.005256278765524429 -0.005256278765521959 0.005256278765499725
3.5435435435435436 0.005203925826336436 -0.005203925826334178 0.005203925826313859
3.5535535535535536 0.00515209432643351 -0.005152094326431446 0.005152094326412879
3.5635635635635636 0.005100779072240425 -0.00510077907223854 0.005100779072221571
3.5735735735735736 0.005049974921910364 -0.00504997492190864 0.005049974921893134
3.5835835835835836 0.004999676784809691 -0.004999676784808117 0.004999676784793946
3.5935935935935936 0.00494987962100788 -0.004949879621006441 0.004949879620993491
3.6036036036036037 0.004900578440772492 -0.004900578440771177 0.004900578440759343
3.6136136136136137 0.004851768304069211 -0.004851768304068009 0.004851768304057195
3.6236236236236237 0.004803444320066836 -0.004803444320065738 0.0048034443200558555
3.6336336336336337 0.004755601646647223 -0.004755601646646219 0.004755601646637188
3.6436436436436437 0.004708235489920095 -0.004708235489919178 0.004708235489910924
3.6536536536536537 0.004661341103742688 -0.0046613411037418504 0.004661341103734308
3.6636636636636637 0.0046149137892441865 -0.004614913789243421 0.004614913789236528
3.6736736736736737 0.004568948894354883 -0.004568948894354183 0.004568948894347885
3.6836836836836837 0.004523441813340047 -0.004523441813339407 0.004523441813333651
3.6936936936936937 0.004478387986338414 -0.0044783879863378295 0.004478387986332569
3.7037037037037037 0.00443378289890529 -0.004433782898904756 0.004433782898899949
3.7137137137137137 0.004389622081560194 -0.004389622081559705 0.004389622081555312
3.7237237237237237 0.004345901109339014 -0.004345901109338567 0.004345901109334553
3.7337337337337337 0.004302615601350618 -0.00430261560135021 0.004302615601346542
3.7437437437437437 0.0042597612203378885 -0.004259761220337516 0.004259761220334164
3.7537537537537538 0.00421733367224312 -0.004217333672242779 0.0042173336722397155
3.7637637637637638 0.004175328705777747 -0.004175328705777436 0.0041753287057746365
3.7737737737737738 0.004133742111996369 -0.004133742111996084 0.004133742111993526
3.7837837837837838 0.0040925697238750015 -0.004092569723874741 0.004092569723872403
3.793793793793794 0.004051807415893537 -0.004051807415893299 0.004051807415891163
3.803803803803804 0.004011451103622368 -0.004011451103622151 0.004011451103620198
3.813813813813814 0.003971496743313116 -0.003971496743312918 0.003971496743311134
3.823823823823824 0.003931940331493446 -0.003931940331493264 0.003931940331491634
3.833833833833834 0.0038927779045659153 -0.0038927779045657496 0.0038927779045642595
3.843843843843844 0.003854005538410816 -0.0038540055384106648 0.003854005538409303
3.853853853853854 0.0038156193479929714 -0.003815619347992833 0.003815619347991589
3.863863863863864 0.003777615486972453 -0.0037776154869723264 0.0037776154869711893
3.873873873873874 0.003739990147319175 -0.003739990147319059 0.00373999014731802
3.883883883883884 0.0037027395589313184 -0.0037027395589312125 0.0037027395589302628
3.893893893893894 0.0036658599892575717 -0.0036658599892574755 0.0036658599892566072
3.903903903903904 0.003629347742923119 -0.0036293477429230306 0.0036293477429222374
3.913913913913914 0.0035931991613593595 -0.003593199161359279 0.003593199161358554
3.923923923923924 0.0035574106224373174 -0.0035574106224372437 0.0035574106224365814
3.933933933933934 0.0035219785401046978 -0.0035219785401046306 0.003521978540104025
3.943943943943944 0.003486899364026561 -0.0034868993640265 0.0034868993640259464
3.953953953953954 0.003452169579229579 -0.0034521695792295226 0.0034521695792290173
3.963963963963964 0.0034177857057498214 -0.0034177857057497703 0.0034177857057493084
3.973973973973974 0.0033837442982840703 -0.0033837442982840235 0.0033837442982836015
3.983983983983984 0.0033500419458445895 -0.0033500419458445466 0.0033500419458441606
3.993993993993994 0.0033166752714173424 -0.003316675271417303 0.0033166752714169504
4.004004004004004 0.00328364093162361 -0.003283640931623574 0.0032836409316232516
4.014014014014014 0.0032509356163849834 -0.0032509356163849504 0.003250935616384656
4.024024024024024 0.003218556048591687 -0.003218556048591657 0.0032185560485913883
4.034034034034034 0.003186498983774211 -0.0031864989837741835 0.0031864989837739376
4.044044044044044 0.0031547612097782072 -0.003154761209778182 0.0031547612097779574
4.054054054054054 0.0031233395464426335 -0.003123339546442611 0.0031233395464424054
4.064064064064064 0.0030922308452810948 -0.003092230845281074 0.003092230845280886
4.074074074074074 0.003061431989166363 -0.0030614319891663438 0.003061431989166172
4.084084084084084 0.003030939892018032 -0.003030939892018015 0.003030939892017858
4.094094094094094 0.003000751498493298 -0.0030007514984932825 0.003000751498493139
4.104104104104104 0.002970863783680803 -0.0029708637836807885 0.002970863783680658
4.114114114114114 0.002941273752797537 -0.002941273752797524 0.002941273752797404
4.124124124124124 0.00291197844088876 -0.0029119784408887478 0.0029119784408886385
4.134134134134134 0.0028829749125309076 -0.0028829749125308963 0.0028829749125307965
4.1441441441441444 0.0028542602615374587 -0.0028542602615374488 0.0028542602615373573
4.1541541541541545 0.0028258316106677334 -0.0028258316106677243 0.002825831610667641
4.1641641641641645 0.0027976861113385896 -0.002797686111338581 0.0027976861113385046
4.1741741741741745 0.0027698209433389895 -0.0027698209433389817 0.002769820943338912
4.1841841841841845 0.002742233314547415 -0.0027422333145474083 0.0027422333145473445
4.1941941941941945 0.002714920460652093 -0.0027149204606520864 0.0027149204606520282
4.2042042042042045 0.0026878796448740047 -0.002687879644873999 0.0026878796448739457
4.2142142142142145 0.0026611081576926625 -0.0026611081576926572 0.0026611081576926087
4.2242242242242245 0.00263460331657461 -0.0026346033165746048 0.0026346033165745605
4.2342342342342345 0.0026083624657046284 -0.0026083624657046237 0.0026083624657045833
4.2442442442442445 0.002582382975719622 -0.0025823829757196178 0.002582382975719581
4.2542542542542545 0.0025566622434451554 -0.0025566622434451515 0.0025566622434451177
4.2642642642642645 0.0025311976916346066 -0.002531197691634603 0.0025311976916345723
4.2742742742742745 0.0025059867687109295 -0.0025059867687109265 0.0025059867687108983
4.2842842842842845 0.002481026948510981 -0.0024810269485109784 0.0024810269485109524
4.2942942942942945 0.002456315730032395 -0.0024563157300323923 0.002456315730032369
4.3043043043043046 0.0024318506371829814 -0.0024318506371829793 0.0024318506371829576
4.314314314314315 0.0024076292185326183 -0.002407629218532616 0.0024076292185325966
4.324324324324325 0.0023836490470676153 -0.0023836490470676135 0.0023836490470675953
4.334334334334335 0.0023599077199475235 -0.002359907719947522 0.0023599077199475053
4.344344344344345 0.002336402858264371 -0.0023364028582643693 0.002336402858264354
4.354354354354355 0.0023131321068042897 -0.002313132106804288 0.002313132106804274
4.364364364364365 0.002290093133811522 -0.0022900931338115204 0.002290093133811508
4.374374374374375 0.0022672836307547775 -0.0022672836307547762 0.0022672836307547645
4.384384384384385 0.0022447013120959138 -0.0022447013120959125 0.002244701312095902
4.394394394394395 0.002222343915060923 -0.002222343915060922 0.0022223439150609123
4.404404404404405 0.002200209199413201 -0.0022002091994131998 0.002200209199413191
4.414414414414415 0.0021782949472290702 -0.0021782949472290694 0.002178294947229061
4.424424424424425 0.002156598962675543 -0.002156598962675542 0.002156598962675535
4.434434434434435 0.0021351190717902985 -0.0021351190717902977 0.002135119071790291
4.444444444444445 0.002113853122263845 -0.002113853122263844 0.002113853122263838
4.454454454454455 0.0020927989832238585 -0.0020927989832238577 0.002092798983223852
4.464464464464465 0.0020719545450216675 -0.002071954545021667 0.002071954545021662
4.474474474474475 0.0020513177190208624 -0.002051317719020862 0.002051317719020857
4.484484484484485 0.002030886437388012 -0.0020308864373880116 0.0020308864373880073
4.494494494494495 0.0020106586528854647 -0.0020106586528854642 0.0020106586528854603
4.504504504504505 0.001990632338666213 -0.0019906323386662127 0.0019906323386662092
4.514514514514515 0.0019708054880708003 -0.0019708054880708 0.001970805488070797
4.524524524524525 0.0019511761144262528 -0.0019511761144262523 0.0019511761144262495
4.534534534534535 0.0019317422508470104 -0.00193174225084701 0.0019317422508470074
4.544544544544545 0.0019125019500378453 -0.001912501950037845 0.0019125019500378425
4.554554554554555 0.0018934532840987387 -0.0018934532840987385 0.001893453284098736
4.564564564564565 0.0018745943443317032 -0.001874594344331703 0.0018745943443317008
4.574574574574575 0.0018559232410495304 -0.0018559232410495302 0.0018559232410495282
4.584584584584585 0.001837438103386441 -0.0018374381033864407 0.001837438103386439
4.594594594594595 0.0018191370791106215 -0.0018191370791106212 0.0018191370791106197
4.604604604604605 0.0018010183344386308 -0.0018010183344386306 0.001801018334438629
4.614614614614615 0.0017830800538516493 -0.001783080053851649 0.0017830800538516478
4.624624624624625 0.0017653204399135653 -0.0017653204399135651 0.001765320439913564
4.634634634634635 0.0017477377130908685 -0.0017477377130908683 0.0017477377130908672
4.644644644644645 0.0017303301115743379 -0.0017303301115743376 0.0017303301115743368
4.654654654654655 0.001713095891102508 -0.0017130958911025077 0.0017130958911025069
4.664664664664665 0.0016960333247868905 -0.0016960333247868905 0.0016960333247868897
4.674674674674675 0.0016791407029389397 -0.0016791407029389397 0.0016791407029389388
4.684684684684685 0.0016624163328987378 -0.0016624163328987378 0.001662416332898737
4.694694694694695 0.00164585853886539 -0.00164585853886539 0.0016458585388653894
4.704704704704705 0.0016294656617291063 -0.0016294656617291063 0.0016294656617291056
4.714714714714715 0.001613236058904958 -0.001613236058904958 0.0016132360589049574
4.724724724724725 0.0015971681041682876 -0.0015971681041682876 0.001597168104168287
4.734734734734735 0.0015812601874917603 -0.0015812601874917603 0.0015812601874917599
4.744744744744745 0.0015655107148840363 -0.0015655107148840363 0.0015655107148840359
4.754754754754755 0.0015499181082300518 -0.0015499181082300518 0.0015499181082300514
4.764764764764765 0.0015344808051328904 -0.0015344808051328904 0.00153448080513289
4.774774774774775 0.001519197258757228 -0.001519197258757228 0.0015191972587572276
4.784784784784785 0.0015040659376743396 -0.0015040659376743396 0.0015040659376743394
4.794794794794795 0.0014890853257086467 -0.0014890853257086467 0.0014890853257086465
4.804804804804805 0.0014742539217857964 -0.0014742539217857964 0.0014742539217857962
4.814814814814815 0.0014595702397822512 -0.0014595702397822512 0.001459570239782251
4.824824824824825 0.0014450328083763782 -0.0014450328083763782 0.001445032808376378
4.834834834834835 0.0014306401709010196 -0.0014306401709010196 0.0014306401709010194
4.844844844844845 0.0014163908851975353 -0.0014163908851975353 0.001416390885197535
4.854854854854855 0.001402283523471295 -0.001402283523471295 0.0014022835234712948
4.864864864864865 0.001388316672148613 -0.001388316672148613 0.0013883166721486127
4.874874874874875 0.0013744889317351048 -0.0013744889317351048 0.0013744889317351045
4.884884884884885 0.001360798916675458 -0.001360798916675458 0.0013607989166754578
4.894894894894895 0.0013472452552145972 -0.0013472452552145972 0.001347245255214597
4.904904904904905 0.0013338265892602322 -0.0013338265892602322 0.001333826589260232
4.914914914914915 0.0013205415742467764 -0.0013205415742467764 0.0013205415742467764
4.924924924924925 0.0013073888790006193 -0.0013073888790006193 0.0013073888790006193
4.934934934934935 0.0012943671856067414 -0.0012943671856067414 0.0012943671856067414
4.944944944944945 0.0012814751892766584 -0.0012814751892766584 0.0012814751892766584
4.954954954954955 0.0012687115982176786 -0.0012687115982176786 0.0012687115982176786
4.964964964964965 0.0012560751335034643 -0.0012560751335034643 0.0012560751335034643
4.974974974974975 0.0012435645289458831 -0.0012435645289458831 0.0012435645289458831
4.984984984984985 0.0012311785309681326 -0.0012311785309681326 0.0012311785309681326
4.994994994994995 0.0012189158984791315 -0.0012189158984791315 0.0012189158984791315
5.005005005005005 0.0012067754027491608 -0.0012067754027491608 0.0012067754027491608
5.015015015015015 0.0011947558272867437 -0.0011947558272867437 0.0011947558272867437
5.025025025025025 0.0011828559677167516 -0.0011828559677167516 0.0011828559677167516
5.035035035035035 0.0011710746316597246 -0.0011710746316597246 0.0011710746316597246
5.045045045045045 0.0011594106386123935 -0.0011594106386123935 0.0011594106386123935
5.055055055055055 0.001147862819829392 -0.001147862819829392 0.001147862819829392
5.065065065065065 0.0011364300182061474 -0.0011364300182061474 0.0011364300182061474
5.075075075075075 0.0011251110881629368 -0.0011251110881629368 0.0011251110881629368
5.085085085085085 0.0011139048955301 -0.0011139048955301 0.0011139048955301
5.095095095095095 0.001102810317434392 -0.001102810317434392 0.001102810317434392
5.105105105105105 0.0010918262421864727 -0.0010918262421864727 0.0010918262421864727
5.115115115115115 0.0010809515691695124 -0.0010809515691695124 0.0010809515691695124
5.125125125125125 0.0010701852087289096 -0.0010701852087289096 0.0010701852087289096
5.135135135135135 0.0010595260820631057 -0.0010595260820631057 0.0010595260820631057
5.145145145145145 0.0010489731211154887 -0.0010489731211154887 0.0010489731211154887
5.155155155155155 0.0010385252684673722 -0.0010385252684673722 0.0010385252684673722
5.165165165165165 0.0010281814772320405 -0.0010281814772320405 0.0010281814772320405
5.175175175175175 0.0010179407109498504 -0.0010179407109498504 0.0010179407109498504
5.185185185185185 0.0010078019434843757 -0.0010078019434843757 0.0010078019434843757
5.195195195195195 0.000997764158919588 -0.000997764158919588 0.000997764158919588
5.205205205205205 0.00098782635145806 -0.00098782635145806 0.00098782635145806
5.215215215215215 0.0009779875253201839 -0.0009779875253201839 0.0009779875253201839
5.225225225225225 0.0009682466946443932 -0.0009682466946443932 0.0009682466946443932
5.235235235235235 0.0009586028833883783 -0.0009586028833883783 0.0009586028833883783
5.245245245245245 0.0009490551252312855 -0.0009490551252312855 0.0009490551252312855
5.255255255255255 0.0009396024634768909 -0.0009396024634768909 0.0009396024634768909
5.265265265265265 0.0009302439509577382 -0.0009302439509577382 0.0009302439509577382
5.275275275275275 0.0009209786499402318 -0.0009209786499402318 0.0009209786499402318
5.285285285285285 0.0009118056320306742 -0.0009118056320306742 0.0009118056320306742
5.295295295295295 0.0009027239780822404 -0.0009027239780822404 0.0009027239780822404
5.305305305305305 0.0008937327781028783 -0.0008937327781028783 0.0008937327781028783
5.315315315315315 0.0008848311311641264 -0.0008848311311641264 0.0008848311311641264
5.325325325325325 0.0008760181453108393 -0.0008760181453108393 0.0008760181453108393
5.335335335335335 0.0008672929374718136 -0.0008672929374718136 0.0008672929374718136
5.345345345345345 0.0008586546333713027 -0.0008586546333713027 0.0008586546333713027
5.355355355355355 0.0008501023674414131 -0.0008501023674414131 0.0008501023674414131
5.365365365365365 0.000841635282735374 -0.000841635282735374 0.000841635282735374
5.375375375375375 0.0008332525308416702 -0.0008332525308416702 0.0008332525308416702
5.385385385385385 0.0008249532717990302 -0.0008249532717990302 0.0008249532717990302
5.395395395395395 0.000816736674012261 -0.000816736674012261 0.000816736674012261
5.405405405405405 0.0008086019141689213 -0.0008086019141689213 0.0008086019141689213
5.415415415415415 0.000800548177156825 -0.000800548177156825 0.000800548177156825
5.425425425425425 0.0007925746559823659 -0.0007925746559823659 0.0007925746559823659
5.435435435435435 0.0007846805516896556 -0.0007846805516896556 0.0007846805516896556
5.445445445445445 0.0007768650732804678 -0.0007768650732804678 0.0007768650732804678
5.455455455455455 0.0007691274376349792 -0.0007691274376349792 0.0007691274376349792
5.465465465465465 0.0007614668694332997 -0.0007614668694332997 0.0007614668694332997
5.475475475475475 0.0007538826010777849 -0.0007538826010777849 0.0007538826010777849
5.485485485485485 0.0007463738726161217 -0.0007463738726161217 0.0007463738726161217
5.495495495495495 0.0007389399316651801 -0.0007389399316651801 0.0007389399316651801
5.505505505505505 0.000731580033335624 -0.000731580033335624 0.000731580033335624
5.515515515515515 0.0007242934401572718 -0.0007242934401572718 0.0007242934401572718
5.525525525525525 0.0007170794220052019 -0.0007170794220052019 0.0007170794220052019
5.535535535535535 0.0007099372560265922 -0.0007099372560265922 0.0007099372560265922
5.545545545545545 0.0007028662265682907 -0.0007028662265682907 0.0007028662265682907
5.555555555555555 0.0006958656251051053 -0.0006958656251051053 0.0006958656251051053
5.565565565565565 0.0006889347501688091 -0.0006889347501688091 0.0006889347501688091
5.575575575575575 0.0006820729072778526 -0.0006820729072778526 0.0006820729072778526
5.585585585585585 0.0006752794088677758 -0.0006752794088677758 0.0006752794088677758
5.595595595595595 0.0006685535742223129 -0.0006685535742223129 0.0006685535742223129
5.605605605605605 0.0006618947294051849 -0.0006618947294051849 0.0006618947294051849
5.615615615615615 0.0006553022071925694 -0.0006553022071925694 0.0006553022071925694
5.625625625625625 0.0006487753470062447 -0.0006487753470062447 0.0006487753470062447
5.635635635635635 0.0006423134948473982 -0.0006423134948473982 0.0006423134948473982
5.645645645645645 0.0006359160032310962 -0.0006359160032310962 0.0006359160032310962
5.655655655655655 0.0006295822311214043 -0.0006295822311214043 0.0006295822311214043
5.665665665665665 0.0006233115438671551 -0.0006233115438671551 0.0006233115438671551
5.675675675675675 0.0006171033131383554 -0.0006171033131383554 0.0006171033131383554
5.685685685685685 0.000610956916863227 -0.000610956916863227 0.000610956916863227
5.6956956956956954 0.000604871739165874 -0.000604871739165874 0.000604871739165874
5.7057057057057055 0.0005988471703045721 -0.0005988471703045721 0.0005988471703045721
5.7157157157157155 0.0005928826066106707 -0.0005928826066106707 0.0005928826066106707
5.7257257257257255 0.0005869774504281059 -0.0005869774504281059 0.0005869774504281059
5.7357357357357355 0.0005811311100535131 -0.0005811311100535131 0.0005811311100535131
5.7457457457457455 0.0005753429996769393 -0.0005753429996769393 0.0005753429996769393
5.7557557557557555 0.0005696125393231432 -0.0005696125393231432 0.0005696125393231432
5.7657657657657655 0.0005639391547934813 -0.0005639391547934813 0.0005639391547934813
5.7757757757757755 0.0005583222776083727 -0.0005583222776083727 0.0005583222776083727
5.7857857857857855 0.0005527613449503367 -0.0005527613449503367 0.0005527613449503367
5.7957957957957955 0.0005472557996075975 -0.0005472557996075975 0.0005472557996075975
5.8058058058058055 0.0005418050899182518 -0.0005418050899182518 0.0005418050899182518
5.8158158158158155 0.0005364086697149906 -0.0005364086697149906 0.0005364086697149906
5.8258258258258255 0.0005310659982703736 -0.0005310659982703736 0.0005310659982703736
5.8358358358358355 0.000525776540242647 -0.000525776540242647 0.000525776540242647
5.8458458458458455 0.0005205397656221017 -0.0005205397656221017 0.0005205397656221017
5.8558558558558556 0.0005153551496779663 -0.0005153551496779663 0.0005153551496779663
5.865865865865866 0.0005102221729058277 -0.0005102221729058277 0.0005102221729058277
5.875875875875876 0.000505140320975577 -0.000505140320975577 0.000505140320975577
5.885885885885886 0.000500109084679872 -0.000500109084679872 0.000500109084679872
5.895895895895896 0.0004951279598831152 -0.0004951279598831152 0.0004951279598831152
5.905905905905906 0.0004901964474709378 -0.0004901964474709378 0.0004901964474709378
5.915915915915916 0.0004853140533001889 -0.0004853140533001889 0.0004853140533001889
5.925925925925926 0.00048048028814942065 -0.00048048028814942065 0.00048048028814942065
5.935935935935936 0.0004756946676698688 -0.0004756946676698688 0.0004756946676698688
5.945945945945946 0.0004709567123369194 -0.0004709567123369194 0.0004709567123369194
5.955955955955956 0.000466265947402061 -0.000466265947402061 0.000466265947402061
5.965965965965966 0.0004616219028453131 -0.0004616219028453131 0.0004616219028453131
5.975975975975976 0.0004570241133281305 -0.0004570241133281305 0.0004570241133281305
5.985985985985986 0.0004524721181467757 -0.0004524721181467757 0.0004524721181467757
5.995995995995996 0.00044796546118615544 -0.00044796546118615544 0.00044796546118615544
6.006006006006006 0.0004435036908741177 -0.0004435036908741177 0.0004435036908741177
6.016016016016016 0.0004390863601362041 -0.0004390863601362041 0.0004390863601362041
6.026026026026026 0.00043471302635085166 -0.00043471302635085166 0.00043471302635085166
6.036036036036036 0.00043038325130504237 -0.00043038325130504237 0.00043038325130504237
6.046046046046046 0.00042609660115039335 -0.00042609660115039335 0.00042609660115039335
6.056056056056056 0.0004218526463596847 -0.0004218526463596847 0.0004218526463596847
6.066066066066066 0.00041765096168382083 -0.00041765096168382083 0.00041765096168382083
6.076076076076076 0.0004134911261092195 -0.0004134911261092195 0.0004134911261092195
6.086086086086086 0.00040937272281562617 -0.00040937272281562617 0.00040937272281562617
6.096096096096096 0.0004052953391343478 -0.0004052953391343478 0.0004052953391343478
6.106106106106106 0.00040125856650690317 -0.00040125856650690317 0.00040125856650690317
6.116116116116116 0.000397262000444085 -0.000397262000444085 0.000397262000444085
6.126126126126126 0.0003933052404854293 -0.0003933052404854293 0.0003933052404854293
6.136136136136136 0.0003893878901590891 -0.0003893878901590891 0.0003893878901590891
6.146146146146146 0.00038550955694210737 -0.00038550955694210737 0.00038550955694210737
6.156156156156156 0.00038166985222108586 -0.00038166985222108586 0.00038166985222108586
6.166166166166166 0.0003778683912532453 -0.0003778683912532453 0.0003778683912532453
6.176176176176176 0.0003741047931278744 -0.0003741047931278744 0.0003741047931278744
6.186186186186186 0.0003703786807281612 -0.0003703786807281612 0.0003703786807281612
6.196196196196196 0.00036668968069340666 -0.00036668968069340666 0.00036668968069340666
6.206206206206206 0.0003630374233816124 -0.0003630374233816124 0.0003630374233816124
6.216216216216216 0.00035942154283244307 -0.00035942154283244307 0.00035942154283244307
6.226226226226226 0.00035584167673055584 -0.00035584167673055584 0.00035584167673055584
6.236236236236236 0.000352297466369297 -0.000352297466369297 0.000352297466369297
6.246246246246246 0.0003487885566147581 -0.0003487885566147581 0.0003487885566147581
6.256256256256256 0.00034531459587019194 -0.00034531459587019194 0.00034531459587019194
6.266266266266266 0.00034187523604078165 -0.00034187523604078165 0.00034187523604078165
6.276276276276276 0.0003384701324987616 -0.0003384701324987616 0.0003384701324987616
6.286286286286286 0.00033509894404888495 -0.00033509894404888495 0.00033509894404888495
6.296296296296296 0.00033176133289423575 -0.00033176133289423575 0.00033176133289423575
6.306306306306306 0.0003284569646023812 -0.0003284569646023812 0.0003284569646023812
6.316316316316316 0.0003251855080718611 -0.0003251855080718611 0.0003251855080718611
6.326326326326326 0.00032194663549901115 -0.00032194663549901115 0.00032194663549901115
6.336336336336336 0.0003187400223451167 -0.0003187400223451167 0.0003187400223451167
6.346346346346346 0.00031556534730389367 -0.00031556534730389367 0.00031556534730389367
6.356356356356356 0.00031242229226929305 -0.00031242229226929305 0.00031242229226929305
6.366366366366366 0.00030931054230362635 -0.00030931054230362635 0.00030931054230362635
6.376376376376376 0.0003062297856060088 -0.0003062297856060088 0.0003062297856060088
6.386386386386386 0.00030317971348111614 -0.00030317971348111614 0.00030317971348111614
6.396396396396396 0.00030016002030825345 -0.00030016002030825345 0.00030016002030825345
6.406406406406406 0.0002971704035107311 -0.0002971704035107311 0.0002971704035107311
6.416416416416417 0.00029421056352554626 -0.00029421056352554626 0.00029421056352554626
6.426426426426427 0.0002912802037733674 -0.0002912802037733674 0.0002912802037733674
6.436436436436437 0.00028837903062881503 -0.00028837903062881503 0.00028837903062881503
6.446446446446447 0.00028550675339104127 -0.00028550675339104127 0.00028550675339104127
6.456456456456457 0.00028266308425460075 -0.00028266308425460075 0.00028266308425460075
6.466466466466467 0.0002798477382806126 -0.0002798477382806126 0.0002798477382806126
6.476476476476477 0.000277060433368209 -0.000277060433368209 0.000277060433368209
6.486486486486487 0.0002743008902262683 -0.0002743008902262683 0.0002743008902262683
6.496496496496497 0.00027156883234542986 -0.00027156883234542986 0.00027156883234542986
6.506506506506507 0.00026886398597038747 -0.00026886398597038747 0.00026886398597038747
6.516516516516517 0.0002661860800724587 -0.0002661860800724587 0.0002661860800724587
6.526526526526527 0.0002635348463224276 -0.0002635348463224276 0.0002635348463224276
6.536536536536537 0.0002609100190636578 -0.0002609100190636578 0.0002609100190636578
6.546546546546547 0.00025831133528547327 -0.00025831133528547327 0.00025831133528547327
6.556556556556557 0.0002557385345968046 -0.0002557385345968046 0.0002557385345968046
6.566566566566567 0.0002531913592000973 -0.0002531913592000973 0.0002531913592000973
6.576576576576577 0.0002506695538654802 -0.0002506695538654802 0.0002506695538654802
6.586586586586587 0.00024817286590519125 -0.00024817286590519125 0.00024817286590519125
6.596596596596597 0.0002457010451482581 -0.0002457010451482581 0.0002457010451482581
6.606606606606607 0.0002432538439154301 -0.0002432538439154301 0.0002432538439154301
6.616616616616617 0.00024083101699436113 -0.00024083101699436113 0.00024083101699436113
6.626626626626627 0.00023843232161503867 -0.00023843232161503867 0.00023843232161503867
6.636636636636637 0.0002360575174254583 -0.0002360575174254583 0.0002360575174254583
6.646646646646647 0.0002337063664675398 -0.0002337063664675398 0.0002337063664675398
6.656656656656657 0.0002313786331532838 -0.0002313786331532838 0.0002313786331532838
6.666666666666667 0.0002290740842411654 -0.0002290740842411654 0.0002290740842411654
6.676676676676677 0.00022679248881276315 -0.00022679248881276315 0.00022679248881276315
6.686686686686687 0.00022453361824962076 -0.00022453361824962076 0.00022453361824962076
6.696696696696697 0.00022229724621033927 -0.00022229724621033927 0.00022229724621033927
6.706706706706707 0.00022008314860789743 -0.00022008314860789743 0.00022008314860789743
6.716716716716717 0.0002178911035871979 -0.0002178911035871979 0.0002178911035871979
6.726726726726727 0.00021572089150283702 -0.00021572089150283702 0.00021572089150283702
6.736736736736737 0.0002135722948970963 -0.0002135722948970963 0.0002135722948970963
6.746746746746747 0.00021144509847815268 -0.00021144509847815268 0.00021144509847815268
6.756756756756757 0.00020933908909850622 -0.00020933908909850622 0.00020933908909850622
6.766766766766767 0.00020725405573362237 -0.00020725405573362237 0.00020725405573362237
6.776776776776777 0.0002051897894607871 -0.0002051897894607871 0.0002051897894607871
6.786786786786787 0.00020314608343817265 -0.00020314608343817265 0.00020314608343817265
6.796796796796797 0.00020112273288411177 -0.00020112273288411177 0.00020112273288411177
6.806806806806807 0.0001991195350565781 -0.0001991195350565781 0.0001991195350565781
6.816816816816817 0.00019713628923287167 -0.00019713628923287167 0.00019713628923287167
6.826826826826827 0.0001951727966895057 -0.0001951727966895057 0.0001951727966895057
6.836836836836837 0.00019322886068229484 -0.00019322886068229484 0.00019322886068229484
6.846846846846847 0.00019130428642664068 -0.00019130428642664068 0.00019130428642664068
6.856856856856857 0.0001893988810780144 -0.0001893988810780144 0.0001893988810780144
6.866866866866867 0.00018751245371263352 -0.00018751245371263352 0.00018751245371263352
6.876876876876877 0.00018564481530833097 -0.00018564481530833097 0.00018564481530833097
6.886886886886887 0.00018379577872561502 -0.00018379577872561502 0.00018379577872561502
6.896896896896897 0.00018196515868891758 -0.00018196515868891758 0.00018196515868891758
6.906906906906907 0.00018015277176802939 -0.00018015277176802939 0.00018015277176802939
6.916916916916917 0.00017835843635972018 -0.00017835843635972018 0.00017835843635972018
6.926926926926927 0.0001765819726695417 -0.0001765819726695417 0.0001765819726695417
6.936936936936937 0.00017482320269381226 -0.00017482320269381226 0.00017482320269381226
6.946946946946947 0.00017308195020178038 -0.00017308195020178038 0.00017308195020178038
6.956956956956957 0.0001713580407179665 -0.0001713580407179665 0.0001713580407179665
6.966966966966967 0.00016965130150468005 -0.00016965130150468005 0.00016965130150468005
6.976976976976977 0.00016796156154471118 -0.00016796156154471118 0.00016796156154471118
6.986986986986987 0.00016628865152419452 -0.00016628865152419452 0.00016628865152419452
6.996996996996997 0.00016463240381564382 -0.00016463240381564382 0.00016463240381564382
7.007007007007007 0.0001629926524611554 -0.0001629926524611554 0.0001629926524611554
7.017017017017017 0.000161369233155779 -0.000161369233155779 0.000161369233155779
7.027027027027027 0.00015976198323105424 -0.00015976198323105424 0.00015976198323105424
7.037037037037037 0.00015817074163871112 -0.00015817074163871112 0.00015817074163871112
7.047047047047047 0.00015659534893453273 -0.00015659534893453273 0.00015659534893453273
7.057057057057057 0.00015503564726237874 -0.00015503564726237874 0.00015503564726237874
7.067067067067067 0.00015349148033836813 -0.00015349148033836813 0.00015349148033836813
7.077077077077077 0.00015196269343521925 -0.00015196269343521925 0.00015196269343521925
7.087087087087087 0.00015044913336674607 -0.00015044913336674607 0.00015044913336674607
7.097097097097097 0.00014895064847250867 -0.00014895064847250867 0.00014895064847250867
7.107107107107107 0.00014746708860261676 -0.00014746708860261676 0.00014746708860261676
7.117117117117117 0.00014599830510268448 -0.00014599830510268448 0.00014599830510268448
7.127127127127127 0.000144544150798935 -0.000144544150798935 0.000144544150798935
7.137137137137137 0.00014310447998345358 -0.00014310447998345358 0.00014310447998345358
7.147147147147147 0.0001416791483995875 -0.0001416791483995875 0.0001416791483995875
7.157157157157157 0.00014026801322749137 -0.00014026801322749137 0.00014026801322749137
7.167167167167167 0.00013887093306981632 -0.00013887093306981632 0.00013887093306981632
7.177177177177177 0.000137487767937542 -0.000137487767937542 0.000137487767937542
7.187187187187187 0.0001361183792359494 -0.0001361183792359494 0.0001361183792359494
7.197197197197197 0.00013476262975073346 -0.00013476262975073346 0.00013476262975073346
7.207207207207207 0.00013342038363425425 -0.00013342038363425425 0.00013342038363425425
7.217217217217217 0.00013209150639192457 -0.00013209150639192457 0.00013209150639192457
7.227227227227227 0.00013077586486873378 -0.00013077586486873378 0.00013077586486873378
7.237237237237237 0.00012947332723590524 -0.00012947332723590524 0.00012947332723590524
7.247247247247247 0.00012818376297768703 -0.00012818376297768703 0.00012818376297768703
7.257257257257257 0.0001269070428782742 -0.0001269070428782742 0.0001269070428782742
7.267267267267267 0.00012564303900886096 -0.00012564303900886096 0.00012564303900886096
7.277277277277277 0.00012439162471482242 -0.00012439162471482242 0.00012439162471482242
7.287287287287287 0.0001231526746030233 -0.0001231526746030233 0.0001231526746030233
7.297297297297297 0.00012192606452925368 -0.00012192606452925368 0.00012192606452925368
7.307307307307307 0.00012071167158578934 -0.00012071167158578934 0.00012071167158578934
7.317317317317317 0.00011950937408907653 -0.00011950937408907653 0.00011950937408907653
7.327327327327327 0.00011831905156753897 -0.00011831905156753897 0.00011831905156753897
7.337337337337337 0.00011714058474950651 -0.00011714058474950651 0.00011714058474950651
7.347347347347347 0.00011597385555126396 -0.00011597385555126396 0.00011597385555126396
7.357357357357357 0.000114818747065219 -0.000114818747065219 0.000114818747065219
7.367367367367367 0.00011367514354818787 -0.00011367514354818787 0.00011367514354818787
7.377377377377377 0.00011254293040979782 -0.00011254293040979782 0.00011254293040979782
7.387387387387387 0.00011142199420100496 -0.00011142199420100496 0.00011142199420100496
7.397397397397397 0.00011031222260272656 -0.00011031222260272656 0.00011031222260272656
7.407407407407407 0.00010921350441458661 -0.00010921350441458661 0.00010921350441458661
7.4174174174174174 0.00010812572954377329 -0.00010812572954377329 0.00010812572954377329
7.4274274274274275 0.00010704878899400768 -0.00010704878899400768 0.00010704878899400768
7.4374374374374375 0.00010598257485462216 -0.00010598257485462216 0.00010598257485462216
7.4474474474474475 0.00010492698028974752 -0.00010492698028974752 0.00010492698028974752
7.4574574574574575 0.00010388189952760813 -0.00010388189952760813 0.00010388189952760813
7.4674674674674675 0.00010284722784992323 -0.00010284722784992323 0.00010284722784992323
7.4774774774774775 0.00010182286158141426 -0.00010182286158141426 0.00010182286158141426
7.4874874874874875 0.00010080869807941634 -0.00010080869807941634 0.00010080869807941634
7.4974974974974975 9.980463572359332e-05 -9.980463572359332e-05 9.980463572359332e-05
7.5075075075075075 9.881057390575553e-05 -9.881057390575553e-05 9.881057390575553e-05
7.5175175175175175 9.782641301977845e-05 -9.782641301977845e-05 9.782641301977845e-05
7.5275275275275275 9.685205445162223e-05 -9.685205445162223e-05 9.685205445162223e-05
7.5375375375375375 9.588740056945042e-05 -9.588740056945042e-05 9.588740056945042e-05
7.5475475475475475 9.493235471384718e-05 -9.493235471384718e-05 9.493235471384718e-05
7.5575575575575575 9.39868211881318e-05 -9.39868211881318e-05 9.39868211881318e-05
7.5675675675675675 9.305070524876981e-05 -9.305070524876981e-05 9.305070524876981e-05
7.5775775775775776 9.212391309587971e-05 -9.212391309587971e-05 9.212391309587971e-05
7.587587587587588 9.120635186383391e-05 -9.120635186383391e-05 9.120635186383391e-05
7.597597597597598 9.029792961195361e-05 -9.029792961195361e-05 9.029792961195361e-05
7.607607607607608 8.939855531529628e-05 -8.939855531529628e-05 8.939855531529628e-05
7.617617617617618 8.850813885553468e-05 -8.850813885553468e-05 8.850813885553468e-05
7.627627627627628 8.76265910119271e-05 -8.76265910119271e-05 8.76265910119271e-05
7.637637637637638 8.675382345237722e-05 -8.675382345237722e-05 8.675382345237722e-05
7.647647647647648 8.588974872458315e-05 -8.588974872458315e-05 8.588974872458315e-05
7.657657657657658 8.503428024727466e-05 -8.503428024727466e-05 8.503428024727466e-05
7.667667667667668 8.418733230153758e-05 -8.418733230153758e-05 8.418733230153758e-05
7.677677677677678 8.334882002222469e-05 -8.334882002222469e-05 8.334882002222469e-05
7.687687687687688 8.251865938945216e-05 -8.251865938945216e-05 8.251865938945216e-05
7.697697697697698 8.169676722018065e-05 -8.169676722018065e-05 8.169676722018065e-05
7.707707707707708 8.088306115988022e-05 -8.088306115988022e-05 8.088306115988022e-05
7.717717717717718 8.007745967427838e-05 -8.007745967427838e-05 8.007745967427838e-05
7.727727727727728 7.927988204119025e-05 -7.927988204119025e-05 7.927988204119025e-05
7.737737737737738 7.849024834243008e-05 -7.849024834243008e-05 7.849024834243008e-05
7.747747747747748 7.770847945580338e-05 -7.770847945580338e-05 7.770847945580338e-05
7.757757757757758 7.693449704717878e-05 -7.693449704717878e-05 7.693449704717878e-05
7.767767767767768 7.616822356263885e-05 -7.616822356263885e-05 7.616822356263885e-05
7.777777777777778 7.540958222070914e-05 -7.540958222070914e-05 7.540958222070914e-05
7.787787787787788 7.465849700466453e-05 -7.465849700466453e-05 7.465849700466453e-05
7.797797797797798 7.391489265491236e-05 -7.391489265491236e-05 7.391489265491236e-05
7.807807807807808 7.317869466145123e-05 -7.317869466145123e-05 7.317869466145123e-05
7.817817817817818 7.244982925640509e-05 -7.244982925640509e-05 7.244982925640509e-05
7.827827827827828 7.172822340663156e-05 -7.172822340663156e-05 7.172822340663156e-05
7.837837837837838 7.101380480640398e-05 -7.101380480640398e-05 7.101380480640398e-05
7.847847847847848 7.030650187016626e-05 -7.030650187016626e-05 7.030650187016626e-05
7.857857857857858 6.960624372535995e-05 -6.960624372535995e-05 6.960624372535995e-05
7.867867867867868 6.891296020532264e-05 -6.891296020532264e-05 6.891296020532264e-05
7.877877877877878 6.822658184225735e-05 -6.822658184225735e-05 6.822658184225735e-05
7.887887887887888 6.754703986027163e-05 -6.754703986027163e-05 6.754703986027163e-05
7.897897897897898 6.687426616848617e-05 -6.687426616848617e-05 6.687426616848617e-05
7.907907907907908 6.620819335421208e-05 -6.620819335421208e-05 6.620819335421208e-05
7.917917917917918 6.554875467619598e-05 -6.554875467619598e-05 6.554875467619598e-05
7.927927927927928 6.48958840579325e-05 -6.48958840579325e-05 6.48958840579325e-05
7.937937937937938 6.424951608104331e-05 -6.424951608104331e-05 6.424951608104331e-05
7.947947947947948 6.360958597872219e-05 -6.360958597872219e-05 6.360958597872219e-05
7.957957957957958 6.297602962924523e-05 -6.297602962924523e-05 6.297602962924523e-05
7.967967967967968 6.234878354954578e-05 -6.234878354954578e-05 6.234878354954578e-05
7.977977977977978 6.172778488885344e-05 -6.172778488885344e-05 6.172778488885344e-05
7.987987987987988 6.11129714223963e-05 -6.11129714223963e-05 6.11129714223963e-05
7.997997997997998 6.050428154516592e-05 -6.050428154516592e-05 6.050428154516592e-05
8.008008008008009 5.990165426574442e-05 -5.990165426574442e-05 5.990165426574442e-05
8.018018018018019 5.9305029200193264e-05 -5.9305029200193264e-05 5.9305029200193264e-05
8.028028028028029 5.871434656600243e-05 -5.871434656600243e-05 5.871434656600243e-05
8.038038038038039 5.812954717610033e-05 -5.812954717610033e-05 5.812954717610033e-05
8.048048048048049 5.755057243292311e-05 -5.755057243292311e-05 5.755057243292311e-05
8.058058058058059 5.697736432254318e-05 -5.697736432254318e-05 5.697736432254318e-05
8.068068068068069 5.64098654088561e-05 -5.64098654088561e-05 5.64098654088561e-05
8.078078078078079 5.5848018827825425e-05 -5.5848018827825425e-05 5.5848018827825425e-05
8.088088088088089 5.529176828178485e-05 -5.529176828178485e-05 5.529176828178485e-05
8.098098098098099 5.4741058033797206e-05 -5.4741058033797206e-05 5.4741058033797206e-05
8.108108108108109 5.41958329020694e-05 -5.41958329020694e-05 5.41958329020694e-05
8.118118118118119 5.36560382544233e-05 -5.36560382544233e-05 5.36560382544233e-05
8.128128128128129 5.3121620002821404e-05 -5.3121620002821404e-05 5.3121620002821404e-05
8.138138138138139 5.259252459794722e-05 -5.259252459794722e-05 5.259252459794722e-05
8.148148148148149 5.206869902383958e-05 -5.206869902383958e-05 5.206869902383958e-05
8.158158158158159 5.155009079258032e-05 -5.155009079258032e-05 5.155009079258032e-05
8.168168168168169 5.1036647939034976e-05 -5.1036647939034976e-05 5.1036647939034976e-05
8.178178178178179 5.052831901564578e-05 -5.052831901564578e-05 5.052831901564578e-05
8.188188188188189 5.00250530872766e-05 -5.00250530872766e-05 5.00250530872766e-05
8.198198198198199 4.9526799726109174e-05 -4.9526799726109174e-05 4.9526799726109174e-05
8.208208208208209 4.903350900659015e-05 -4.903350900659015e-05 4.903350900659015e-05
8.218218218218219 4.854513150042853e-05 -4.854513150042853e-05 4.854513150042853e-05
8.228228228228229 4.806161827164287e-05 -4.806161827164287e-05 4.806161827164287e-05
8.238238238238239 4.758292087165785e-05 -4.758292087165785e-05 4.758292087165785e-05
8.248248248248249 4.7108991334449686e-05 -4.7108991334449686e-05 4.7108991334449686e-05
8.258258258258259 4.663978217173983e-05 -4.663978217173983e-05 4.663978217173983e-05
8.268268268268269 4.617524636823668e-05 -4.617524636823668e-05 4.617524636823668e-05
8.278278278278279 4.571533737692449e-05 -4.571533737692449e-05 4.571533737692449e-05
8.288288288288289 4.52600091143994e-05 -4.52600091143994e-05 4.52600091143994e-05
8.298298298298299 4.480921595625173e-05 -4.480921595625173e-05 4.480921595625173e-05
8.308308308308309 4.436291273249448e-05 -4.436291273249448e-05 4.436291273249448e-05
8.318318318318319 4.392105472303712e-05 -4.392105472303712e-05 4.392105472303712e-05
8.328328328328329 4.3483597653204694e-05 -4.3483597653204694e-05 4.3483597653204694e-05
8.338338338338339 4.305049768930137e-05 -4.305049768930137e-05 4.305049768930137e-05
8.348348348348349 4.2621711434218304e-05 -4.2621711434218304e-05 4.2621711434218304e-05
8.358358358358359 4.2197195923085165e-05 -4.2197195923085165e-05 4.2197195923085165e-05
8.368368368368369 4.177690861896504e-05 -4.177690861896504e-05 4.177690861896504e-05
8.378378378378379 4.136080740859216e-05 -4.136080740859216e-05 4.136080740859216e-05
8.388388388388389 4.094885059815208e-05 -4.094885059815208e-05 4.094885059815208e-05
8.398398398398399 4.0540996909104e-05 -4.0540996909104e-05 4.0540996909104e-05
8.408408408408409 4.0137205474044496e-05 -4.0137205474044496e-05 4.0137205474044496e-05
8.418418418418419 3.973743583261264e-05 -3.973743583261264e-05 3.973743583261264e-05
8.428428428428429 3.934164792743578e-05 -3.934164792743578e-05 3.934164792743578e-05
8.438438438438439 3.8949802100115794e-05 -3.8949802100115794e-05 3.8949802100115794e-05
8.448448448448449 3.8561859087255204e-05 -3.8561859087255204e-05 3.8561859087255204e-05
8.458458458458459 3.8177780016523015e-05 -3.8177780016523015e-05 3.8177780016523015e-05
8.468468468468469 3.7797526402759616e-05 -3.7797526402759616e-05 3.7797526402759616e-05
8.478478478478479 3.7421060144120505e-05 -3.7421060144120505e-05 3.7421060144120505e-05
8.488488488488489 3.7048343518258525e-05 -3.7048343518258525e-05 3.7048343518258525e-05
8.498498498498499 3.667933917854393e-05 -3.667933917854393e-05 3.667933917854393e-05
8.508508508508509 3.631401015032231e-05 -3.631401015032231e-05 3.631401015032231e-05
8.518518518518519 3.5952319827209635e-05 -3.5952319827209635e-05 3.5952319827209635e-05
8.528528528528529 3.559423196742424e-05 -3.559423196742424e-05 3.559423196742424e-05
8.538538538538539 3.523971069015541e-05 -3.523971069015541e-05 3.523971069015541e-05
8.548548548548549 3.488872047196805e-05 -3.488872047196805e-05 3.488872047196805e-05
8.558558558558559 3.454122614324319e-05 -3.454122614324319e-05 3.454122614324319e-05
8.568568568568569 3.419719288465395e-05 -3.419719288465395e-05 3.419719288465395e-05
8.578578578578579 3.385658622367665e-05 -3.385658622367665e-05 3.385658622367665e-05
8.588588588588589 3.351937203113655e-05 -3.351937203113655e-05 3.351937203113655e-05
8.598598598598599 3.3185516517788117e-05 -3.3185516517788117e-05 3.3185516517788117e-05
8.608608608608609 3.28549862309293e-05 -3.28549862309293e-05 3.28549862309293e-05
8.618618618618619 3.252774805104952e-05 -3.252774805104952e-05 3.252774805104952e-05
8.62862862862863 3.2203769188511045e-05 -3.2203769188511045e-05 3.2203769188511045e-05
8.63863863863864 3.1883017180263464e-05 -3.1883017180263464e-05 3.1883017180263464e-05
8.64864864864865 3.156545988659084e-05 -3.156545988659084e-05 3.156545988659084e-05
8.65865865865866 3.125106548789125e-05 -3.125106548789125e-05 3.125106548789125e-05
8.66866866866867 3.093980248148845e-05 -3.093980248148845e-05 3.093980248148845e-05
8.67867867867868 3.063163967847528e-05 -3.063163967847528e-05 3.063163967847528e-05
8.68868868868869 3.0326546200588462e-05 -3.0326546200588462e-05 3.0326546200588462e-05
8.6986986986987 3.0024491477114603e-05 -3.0024491477114603e-05 3.0024491477114603e-05
8.70870870870871 2.972544524182695e-05 -2.972544524182695e-05 2.972544524182695e-05
8.71871871871872 2.942937752995269e-05 -2.942937752995269e-05 2.942937752995269e-05
8.72872872872873 2.913625867517043e-05 -2.913625867517043e-05 2.913625867517043e-05
8.73873873873874 2.8846059306637636e-05 -2.8846059306637636e-05 2.8846059306637636e-05
8.74874874874875 2.8558750346047594e-05 -2.8558750346047594e-05 2.8558750346047594e-05
8.75875875875876 2.827430300471576e-05 -2.827430300471576e-05 2.827430300471576e-05
8.76876876876877 2.7992688780695096e-05 -2.7992688780695096e-05 2.7992688780695096e-05
8.77877877877878 2.771387945592014e-05 -2.771387945592014e-05 2.771387945592014e-05
8.78878878878879 2.7437847093379516e-05 -2.7437847093379516e-05 2.7437847093379516e-05
8.7987987987988 2.7164564034316627e-05 -2.7164564034316627e-05 2.7164564034316627e-05
8.80880880880881 2.6894002895458216e-05 -2.6894002895458216e-05 2.6894002895458216e-05
8.81881881881882 2.6626136566270515e-05 -2.6626136566270515e-05 2.6626136566270515e-05
8.82882882882883 2.636093820624276e-05 -2.636093820624276e-05 2.636093820624276e-05
8.83883883883884 2.6098381242197723e-05 -2.6098381242197723e-05 2.6098381242197723e-05
8.84884884884885 2.5838439365629053e-05 -2.5838439365629053e-05 2.5838439365629053e-05
8.85885885885886 2.558108653006515e-05 -2.558108653006515e-05 2.558108653006515e-05
8.86886886886887 2.532629694845926e-05 -2.532629694845926e-05 2.532629694845926e-05
8.87887887887888 2.5074045090605584e-05 -2.5074045090605584e-05 2.5074045090605584e-05
8.88888888888889 2.4824305680581147e-05 -2.4824305680581147e-05 2.4824305680581147e-05
8.8988988988989 2.4577053694213072e-05 -2.4577053694213072e-05 2.4577053694213072e-05
8.90890890890891 2.4332264356571203e-05 -2.4332264356571203e-05 2.4332264356571203e-05
8.91891891891892 2.4089913139485547e-05 -2.4089913139485547e-05 2.4089913139485547e-05
8.92892892892893 2.3849975759088585e-05 -2.3849975759088585e-05 2.3849975759088585e-05
8.93893893893894 2.3612428173381977e-05 -2.3612428173381977e-05 2.3612428173381977e-05
8.94894894894895 2.337724657982752e-05 -2.337724657982752e-05 2.337724657982752e-05
8.95895895895896 2.3144407412962122e-05 -2.3144407412962122e-05 2.3144407412962122e-05
8.96896896896897 2.291388734203651e-05 -2.291388734203651e-05 2.291388734203651e-05
8.97897897897898 2.268566326867745e-05 -2.268566326867745e-05 2.268566326867745e-05
8.98898898898899 2.2459712324573285e-05 -2.2459712324573285e-05 2.2459712324573285e-05
8.998998998999 2.2236011869182498e-05 -2.2236011869182498e-05 2.2236011869182498e-05
9.00900900900901 2.201453948746509e-05 -2.201453948746509e-05 2.201453948746509e-05
9.01901901901902 2.1795272987636582e-05 -2.1795272987636582e-05 2.1795272987636582e-05
9.02902902902903 2.1578190398944365e-05 -2.1578190398944365e-05 2.1578190398944365e-05
9.03903903903904 2.1363269969466214e-05 -2.1363269969466214e-05 2.1363269969466214e-05
9.04904904904905 2.1150490163930717e-05 -2.1150490163930717e-05 2.1150490163930717e-05
9.05905905905906 2.0939829661559408e-05 -2.0939829661559408e-05 2.0939829661559408e-05
9.06906906906907 2.0731267353930415e-05 -2.0731267353930415e-05 2.0731267353930415e-05
9.07907907907908 2.0524782342863356e-05 -2.0524782342863356e-05 2.0524782342863356e-05
9.08908908908909 2.0320353938325343e-05 -2.0320353938325343e-05 2.0320353938325343e-05
9.0990990990991 2.011796165635778e-05 -2.011796165635778e-05 2.011796165635778e-05
9.10910910910911 1.991758521702388e-05 -1.991758521702388e-05 1.991758521702388e-05
9.11911911911912 1.9719204542376586e-05 -1.9719204542376586e-05 1.9719204542376586e-05
9.12912912912913 1.9522799754446716e-05 -1.9522799754446716e-05 1.9522799754446716e-05
9.13913913913914 1.9328351173251193e-05 -1.9328351173251193e-05 1.9328351173251193e-05
9.14914914914915 1.9135839314821076e-05 -1.9135839314821076e-05 1.9135839314821076e-05
9.15915915915916 1.8945244889249252e-05 -1.8945244889249252e-05 1.8945244889249252e-05
9.16916916916917 1.8756548798757562e-05 -1.8756548798757562e-05 1.8756548798757562e-05
9.17917917917918 1.856973213578317e-05 -1.856973213578317e-05 1.856973213578317e-05
9.18918918918919 1.8384776181084024e-05 -1.8384776181084024e-05 1.8384776181084024e-05
9.1991991991992 1.820166240186315e-05 -1.820166240186315e-05 1.820166240186315e-05
9.20920920920921 1.802037244991166e-05 -1.802037244991166e-05 1.802037244991166e-05
9.21921921921922 1.784088815977023e-05 -1.784088815977023e-05 1.784088815977023e-05
9.22922922922923 1.766319154690889e-05 -1.766319154690889e-05 1.766319154690889e-05
9.23923923923924 1.7487264805924984e-05 -1.7487264805924984e-05 1.7487264805924984e-05
9.24924924924925 1.731309030875902e-05 -1.731309030875902e-05 1.731309030875902e-05
9.25925925925926 1.7140650602928338e-05 -1.7140650602928338e-05 1.7140650602928338e-05
9.26926926926927 1.696992840977833e-05 -1.696992840977833e-05 1.696992840977833e-05
9.27927927927928 1.6800906622751115e-05 -1.6800906622751115e-05 1.6800906622751115e-05
9.28928928928929 1.663356830567145e-05 -1.663356830567145e-05 1.663356830567145e-05
9.2992992992993 1.6467896691049683e-05 -1.6467896691049683e-05 1.6467896691049683e-05
9.30930930930931 1.6303875178401645e-05 -1.6303875178401645e-05 1.6303875178401645e-05
9.31931931931932 1.6141487332585266e-05 -1.6141487332585266e-05 1.6141487332585266e-05
9.32932932932933 1.598071688215375e-05 -1.598071688215375e-05 1.598071688215375e-05
9.33933933933934 1.582154771772515e-05 -1.582154771772515e-05 1.582154771772515e-05
9.34934934934935 1.5663963890368206e-05 -1.5663963890368206e-05 1.5663963890368206e-05
9.35935935935936 1.550794961000423e-05 -1.550794961000423e-05 1.550794961000423e-05
9.36936936936937 1.5353489243824927e-05 -1.5353489243824927e-05 1.5353489243824927e-05
9.37937937937938 1.5200567314725979e-05 -1.5200567314725979e-05 1.5200567314725979e-05
9.38938938938939 1.5049168499756202e-05 -1.5049168499756202e-05 1.5049168499756202e-05
9.3993993993994 1.489927762858218e-05 -1.489927762858218e-05 1.489927762858218e-05
9.40940940940941 1.475087968196819e-05 -1.475087968196819e-05 1.475087968196819e-05
9.41941941941942 1.4603959790271239e-05 -1.4603959790271239e-05 1.4603959790271239e-05
9.42942942942943 1.4458503231951118e-05 -1.4458503231951118e-05 1.4458503231951118e-05
9.43943943943944 1.4314495432095289e-05 -1.4314495432095289e-05 1.4314495432095289e-05
9.44944944944945 1.4171921960958458e-05 -1.4171921960958458e-05 1.4171921960958458e-05
9.45945945945946 1.40307685325167e-05 -1.40307685325167e-05 1.40307685325167e-05
9.46946946946947 1.3891021003035983e-05 -1.3891021003035983e-05 1.3891021003035983e-05
9.47947947947948 1.3752665369654952e-05 -1.3752665369654952e-05 1.3752665369654952e-05
9.48948948948949 1.3615687768981814e-05 -1.3615687768981814e-05 1.3615687768981814e-05
9.4994994994995 1.3480074475705232e-05 -1.3480074475705232e-05 1.3480074475705232e-05
9.50950950950951 1.3345811901219016e-05 -1.3345811901219016e-05 1.3345811901219016e-05
9.51951951951952 1.3212886592260536e-05 -1.3212886592260536e-05 1.3212886592260536e-05
9.52952952952953 1.3081285229562687e-05 -1.3081285229562687e-05 1.3081285229562687e-05
9.53953953953954 1.2950994626519287e-05 -1.2950994626519287e-05 1.2950994626519287e-05
9.54954954954955 1.2822001727863758e-05 -1.2822001727863758e-05 1.2822001727863758e-05
9.55955955955956 1.2694293608360983e-05 -1.2694293608360983e-05 1.2694293608360983e-05
9.56956956956957 1.2567857471512169e-05 -1.2567857471512169e-05 1.2567857471512169e-05
9.57957957957958 1.2442680648272638e-05 -1.2442680648272638e-05 1.2442680648272638e-05
9.58958958958959 1.2318750595782368e-05 -1.2318750595782368e-05 1.2318750595782368e-05
9.5995995995996 1.219605489610918e-05 -1.219605489610918e-05 1.219605489610918e-05
9.60960960960961 1.207458125500445e-05 -1.207458125500445e-05 1.207458125500445e-05
9.61961961961962 1.1954317500671217e-05 -1.1954317500671217e-05 1.1954317500671217e-05
9.62962962962963 1.1835251582544547e-05 -1.1835251582544547e-05 1.1835251582544547e-05
9.63963963963964 1.1717371570084056e-05 -1.1717371570084056e-05 1.1717371570084056e-05
9.64964964964965 1.1600665651578456e-05 -1.1600665651578456e-05 1.1600665651578456e-05
9.65965965965966 1.148512213296201e-05 -1.148512213296201e-05 1.148512213296201e-05
9.66966966966967 1.1370729436642769e-05 -1.1370729436642769e-05 1.1370729436642769e-05
9.67967967967968 1.125747610034249e-05 -1.125747610034249e-05 1.125747610034249e-05
9.68968968968969 1.1145350775948096e-05 -1.1145350775948096e-05 1.1145350775948096e-05
9.6996996996997 1.103434222837459e-05 -1.103434222837459e-05 1.103434222837459e-05
9.70970970970971 1.0924439334439277e-05 -1.0924439334439277e-05 1.0924439334439277e-05
9.71971971971972 1.081563108174722e-05 -1.081563108174722e-05 1.081563108174722e-05
9.72972972972973 1.0707906567587773e-05 -1.0707906567587773e-05 1.0707906567587773e-05
9.73973973973974 1.0601254997842126e-05 -1.0601254997842126e-05 1.0601254997842126e-05
9.74974974974975 1.049566568590172e-05 -1.049566568590172e-05 1.049566568590172e-05
9.75975975975976 1.0391128051597435e-05 -1.0391128051597435e-05 1.0391128051597435e-05
9.76976976976977 1.0287631620139447e-05 -1.0287631620139447e-05 1.0287631620139447e-05
9.77977977977978 1.0185166021067638e-05 -1.0185166021067638e-05 1.0185166021067638e-05
9.78978978978979 1.0083720987212475e-05 -1.0083720987212475e-05 1.0083720987212475e-05
9.7997997997998 9.983286353666208e-06 -9.983286353666208e-06 9.983286353666208e-06
9.80980980980981 9.883852056764358e-06 -9.883852056764358e-06 9.883852056764358e-06
9.81981981981982 9.785408133077309e-06 -9.785408133077309e-06 9.785408133077309e-06
9.82982982982983 9.68794471841197e-06 -9.68794471841197e-06 9.68794471841197e-06
9.83983983983984 9.591452046823366e-06 -9.591452046823366e-06 9.591452046823366e-06
9.84984984984985 9.495920449636088e-06 -9.495920449636088e-06 9.495920449636088e-06
9.85985985985986 9.401340354475469e-06 -9.401340354475469e-06 9.401340354475469e-06
9.86986986986987 9.307702284308428e-06 -9.307702284308428e-06 9.307702284308428e-06
9.87987987987988 9.21499685649386e-06 -9.21499685649386e-06 9.21499685649386e-06
9.88988988988989 9.123214781842487e-06 -9.123214781842487e-06 9.123214781842487e-06
9.8998998998999 9.032346863686065e-06 -9.032346863686065e-06 9.032346863686065e-06
9.90990990990991 8.942383996955867e-06 -8.942383996955867e-06 8.942383996955867e-06
9.91991991991992 8.853317167270359e-06 -8.853317167270359e-06 8.853317167270359e-06
9.92992992992993 8.765137450031923e-06 -8.765137450031923e-06 8.765137450031923e-06
9.93993993993994 8.67783600953263e-06 -8.67783600953263e-06 8.67783600953263e-06
9.94994994994995 8.59140409806887e-06 -8.59140409806887e-06 8.59140409806887e-06
9.95995995995996 8.505833055064835e-06 -8.505833055064835e-06 8.505833055064835e-06
9.96996996996997 8.421114306204717e-06 -8.421114306204717e-06 8.421114306204717e-06
9.97997997997998 8.33723936257355e-06 -8.33723936257355e-06 8.33723936257355e-06
9.98998998998999 8.254199819806603e-06 -8.254199819806603e-06 8.254199819806603e-06
10.0 8.171987357247274e-06 -8.171987357247274e-06 8.171987357247274e-06
